    Z1   = 0.01946
    UX1  = -0.75
    UY1  = -0.5
    T1   = 4.4097
    
    Z2   = 0.0813777
    UX2  = -0.75
    UY2  = 0.5
    T2   = 2.17262
    
    Z3   = 0.01946
    UX3  = 0.75
    UY3  = 0.5
    T3   = 4.4097
    
    Z4   = 0.19792
    UX4  = 0.75
    UY4  = -0.5
    T4   = 1.4119