    Z1   = 0.3
    UX1  = 0.1
    UY1  = 0.1
    T1   = 1.
    
    Z2   = 0.3
    UX2  = -0.32308
    UY2  = 0.1
    T2   = 0.63245
    
    Z3   = 0.8012
    UX3  = 0.1
    UY3  = 0.1
    T3   = 0.4059
    
    Z4   = 0.3
    UX4  = 0.1
    UY4  = -0.32308
    T4   = 0.63245