    Z1   = 0.3
    UX1  = 0.
    UY1  = 0.
    T1   = 1.
    
    Z2   = 0.3
    UX2  = -0.42308
    UY2  = 0.
    T2   = 0.63245
    
    Z3   = 0.3
    UX3  = -0.42308
    UY3  = -0.42308
    T3   = 1.
    
    Z4   = 0.3
    UX4  = 0.
    UY4  = -0.42308
    T4   = 0.63245