    Z1   = 0.1420062
    UX1  = 0.1
    UY1  = -0.3
    T1   = 2.07826
    
    Z2   = 0.1420062
    UX2  = -0.57906
    UY2  = -0.3
    T2   = 1.3144
    
    Z3   = 0.213214
    UX3  = 0.1
    UY3  = -0.3
    T3   = 1.06195
    
    Z4   = 0.1478995
    UX4  = 0.1
    UY4  = 0.27207
    T4   = 1.28691