    Z1   = 0.142011
    UX1  = 0.1
    UY1  = -0.4
    T1   = 2.07823
    
    Z2   = 0.3683677
    UX2  = 0.
    UY2  = -0.3
    T2   = 1.24705
    
    Z3   = 0.38035
    UX3  = 0.
    UY3  = 0.1264
    T3   = 0.77464
    
    Z4   = 0.142
    UX4  = 0.
    UY4  = -0.97905
    T4   = 1.31443