    Z1   = 0.18043
    UX1  = 0.1
    UY1  = -0.3
    T1   = 1.91895
    
    Z2   = 0.18042
    UX2  = -0.57906
    UY2  = -0.3
    T2   = 1.213676
    
    Z3   = 0.421532
    UX3  = 0.1
    UY3  = -0.3
    T3   = 0.814474
    
    Z4   = 0.1900181
    UX4  = 0.1
    UY4  = 0.27207
    T4   = 1.1839