    Z1   = 0.18043
    UX1  = 0.1
    UY1  = 0.
    T1   = 1.91895
    
    Z2   = 0.1900181
    UX2  = 0.67207
    UY2  = 0.
    T2   = 1.1839
    
    Z3   = 0.421532
    UX3  = 0.1
    UY3  = -0.
    T3   = 0.814474
    
    Z4   = 0.1900181
    UX4  = 0.1
    UY4  = 0.57207
    T4   = 1.1839