    Z1   = 0.2011223
    UX1  = 0.
    UY1  = 0.
    T1   = 1.9107
    
    Z2   = 0.17863
    UX2  = 0.7691
    UY2  = 0.
    T2   = 1.14073
    
    Z3   = 0.2011223
    UX3  = 0.7691
    UY3  = 0.7691
    T3   = 1.9107
    
    Z4   = 0.17863
    UX4  = 0.
    UY4  = 0.7691
    T4   = 1.14073