#ifndef ESFR_QUAD_P3
#define ESFR_QUAD_P3

int p = 3;

double r[16] = {-1,-1,-1,-1,-0.4472135955,-0.4472135955,-0.4472135955,-0.4472135955,0.4472135955,0.4472135955,0.4472135955,0.4472135955,1,1,1,1};

double s[16] = {-1,-0.4472135955,0.4472135955,1,-1,-0.4472135955,0.4472135955,1,-1,-0.4472135955,0.4472135955,1,-1,-0.4472135955,0.4472135955,1};

double Dr[16][16] = {{-3,0,0,0,4.04508497187,0,0,0,-1.54508497187,0,0,0,0.5,0,0,0},
{0,-3,0,0,0,4.04508497187,0,0,0,-1.54508497187,0,0,0,0.5,0,0},
{0,0,-3,0,0,0,4.04508497187,0,0,0,-1.54508497187,0,0,0,0.5,0},
{0,0,0,-3,0,0,0,4.04508497187,0,0,0,-1.54508497187,0,0,0,0.5},
{-0.809016994375,0,0,0,0,0,0,0,1.11803398875,0,0,0,-0.309016994375,0,0,0},
{0,-0.809016994375,0,0,0,0,0,0,0,1.11803398875,0,0,0,-0.309016994375,0,0},
{0,0,-0.809016994375,0,0,0,0,0,0,0,1.11803398875,0,0,0,-0.309016994375,0},
{0,0,0,-0.809016994375,0,0,0,0,0,0,0,1.11803398875,0,0,0,-0.309016994375},
{0.309016994375,0,0,0,-1.11803398875,0,0,0,0,0,0,0,0.809016994375,0,0,0},
{0,0.309016994375,0,0,0,-1.11803398875,0,0,0,0,0,0,0,0.809016994375,0,0},
{0,0,0.309016994375,0,0,0,-1.11803398875,0,0,0,0,0,0,0,0.809016994375,0},
{0,0,0,0.309016994375,0,0,0,-1.11803398875,0,0,0,0,0,0,0,0.809016994375},
{-0.5,0,0,0,1.54508497187,0,0,0,-4.04508497187,0,0,0,3,0,0,0},
{0,-0.5,0,0,0,1.54508497187,0,0,0,-4.04508497187,0,0,0,3,0,0},
{0,0,-0.5,0,0,0,1.54508497187,0,0,0,-4.04508497187,0,0,0,3,0},
{0,0,0,-0.5,0,0,0,1.54508497187,0,0,0,-4.04508497187,0,0,0,3}};

double Ds[16][16] = {{-3,4.04508497187,-1.54508497187,0.5,0,0,0,0,0,0,0,0,0,0,0,0},
{-0.809016994375,0,1.11803398875,-0.309016994375,0,0,0,0,0,0,0,0,0,0,0,0},
{0.309016994375,-1.11803398875,0,0.809016994375,0,0,0,0,0,0,0,0,0,0,0,0},
{-0.5,1.54508497187,-4.04508497187,3,0,0,0,0,0,0,0,0,0,0,0,0},
{0,0,0,0,-3,4.04508497187,-1.54508497187,0.5,0,0,0,0,0,0,0,0},
{0,0,0,0,-0.809016994375,0,1.11803398875,-0.309016994375,0,0,0,0,0,0,0,0},
{0,0,0,0,0.309016994375,-1.11803398875,0,0.809016994375,0,0,0,0,0,0,0,0},
{0,0,0,0,-0.5,1.54508497187,-4.04508497187,3,0,0,0,0,0,0,0,0},
{0,0,0,0,0,0,0,0,-3,4.04508497187,-1.54508497187,0.5,0,0,0,0},
{0,0,0,0,0,0,0,0,-0.809016994375,0,1.11803398875,-0.309016994375,0,0,0,0},
{0,0,0,0,0,0,0,0,0.309016994375,-1.11803398875,0,0.809016994375,0,0,0,0},
{0,0,0,0,0,0,0,0,-0.5,1.54508497187,-4.04508497187,3,0,0,0,0},
{0,0,0,0,0,0,0,0,0,0,0,0,-3,4.04508497187,-1.54508497187,0.5},
{0,0,0,0,0,0,0,0,0,0,0,0,-0.809016994375,0,1.11803398875,-0.309016994375},
{0,0,0,0,0,0,0,0,0,0,0,0,0.309016994375,-1.11803398875,0,0.809016994375},
{0,0,0,0,0,0,0,0,0,0,0,0,-0.5,1.54508497187,-4.04508497187,3}};

double LIFT[16][16] = {{6,0,0,0,0,0,0,0,0,0,0,0,6,0,0,0},
{0,0,0,0,0,0,0,0,0,0,0,0,0,6,0,0},
{0,0,0,0,0,0,0,0,0,0,0,0,0,0,6,0},
{0,0,0,0,0,0,0,0,6,0,0,0,0,0,0,6},
{0,6,0,0,0,0,0,0,0,0,0,0,0,0,0,0},
{0,0,0,0,0,0,0,0,0,0,0,0,0,0,0,0},
{0,0,0,0,0,0,0,0,0,0,0,0,0,0,0,0},
{0,0,0,0,0,0,0,0,0,6,0,0,0,0,0,0},
{0,0,6,0,0,0,0,0,0,0,0,0,0,0,0,0},
{0,0,0,0,0,0,0,0,0,0,0,0,0,0,0,0},
{0,0,0,0,0,0,0,0,0,0,0,0,0,0,0,0},
{0,0,0,0,0,0,0,0,0,0,6,0,0,0,0,0},
{0,0,0,6,6,0,0,0,0,0,0,0,0,0,0,0},
{0,0,0,0,0,6,0,0,0,0,0,0,0,0,0,0},
{0,0,0,0,0,0,6,0,0,0,0,0,0,0,0,0},
{0,0,0,0,0,0,0,6,0,0,0,6,0,0,0,0}};

double FaceMask[4][4] = {{0,12,3,0},
{4,13,7,1},
{8,14,11,2},
{12,15,15,3}};

double V[16][16] = {{0.5,-0.866025403784,1.11803398875,-1.32287565553,-0.866025403784,1.5,-1.9364916731,2.29128784748,1.11803398875,-1.9364916731,2.5,-2.95803989155,-1.32287565553,2.29128784748,-2.95803989155,3.5},
{0.5,-0.387298334621,-0.22360679775,0.59160797831,-0.866025403784,0.67082039325,0.387298334621,-1.0246950766,1.11803398875,-0.866025403784,-0.5,1.32287565553,-1.32287565553,1.0246950766,0.59160797831,-1.56524758425},
{0.5,0.387298334621,-0.22360679775,-0.59160797831,-0.866025403784,-0.67082039325,0.387298334621,1.0246950766,1.11803398875,0.866025403784,-0.5,-1.32287565553,-1.32287565553,-1.0246950766,0.59160797831,1.56524758425},
{0.5,0.866025403784,1.11803398875,1.32287565553,-0.866025403784,-1.5,-1.9364916731,-2.29128784748,1.11803398875,1.9364916731,2.5,2.95803989155,-1.32287565553,-2.29128784748,-2.95803989155,-3.5},
{0.5,-0.866025403784,1.11803398875,-1.32287565553,-0.387298334621,0.67082039325,-0.866025403784,1.0246950766,-0.22360679775,0.387298334621,-0.5,0.59160797831,0.59160797831,-1.0246950766,1.32287565553,-1.56524758425},
{0.5,-0.387298334621,-0.22360679775,0.59160797831,-0.387298334621,0.3,0.173205080757,-0.458257569496,-0.22360679775,0.173205080757,0.1,-0.264575131106,0.59160797831,-0.458257569496,-0.264575131106,0.7},
{0.5,0.387298334621,-0.22360679775,-0.59160797831,-0.387298334621,-0.3,0.173205080757,0.458257569496,-0.22360679775,-0.173205080757,0.1,0.264575131106,0.59160797831,0.458257569496,-0.264575131106,-0.7},
{0.5,0.866025403784,1.11803398875,1.32287565553,-0.387298334621,-0.67082039325,-0.866025403784,-1.0246950766,-0.22360679775,-0.387298334621,-0.5,-0.59160797831,0.59160797831,1.0246950766,1.32287565553,1.56524758425},
{0.5,-0.866025403784,1.11803398875,-1.32287565553,0.387298334621,-0.67082039325,0.866025403784,-1.0246950766,-0.22360679775,0.387298334621,-0.5,0.59160797831,-0.59160797831,1.0246950766,-1.32287565553,1.56524758425},
{0.5,-0.387298334621,-0.22360679775,0.59160797831,0.387298334621,-0.3,-0.173205080757,0.458257569496,-0.22360679775,0.173205080757,0.1,-0.264575131106,-0.59160797831,0.458257569496,0.264575131106,-0.7},
{0.5,0.387298334621,-0.22360679775,-0.59160797831,0.387298334621,0.3,-0.173205080757,-0.458257569496,-0.22360679775,-0.173205080757,0.1,0.264575131106,-0.59160797831,-0.458257569496,0.264575131106,0.7},
{0.5,0.866025403784,1.11803398875,1.32287565553,0.387298334621,0.67082039325,0.866025403784,1.0246950766,-0.22360679775,-0.387298334621,-0.5,-0.59160797831,-0.59160797831,-1.0246950766,-1.32287565553,-1.56524758425},
{0.5,-0.866025403784,1.11803398875,-1.32287565553,0.866025403784,-1.5,1.9364916731,-2.29128784748,1.11803398875,-1.9364916731,2.5,-2.95803989155,1.32287565553,-2.29128784748,2.95803989155,-3.5},
{0.5,-0.387298334621,-0.22360679775,0.59160797831,0.866025403784,-0.67082039325,-0.387298334621,1.0246950766,1.11803398875,-0.866025403784,-0.5,1.32287565553,1.32287565553,-1.0246950766,-0.59160797831,1.56524758425},
{0.5,0.387298334621,-0.22360679775,-0.59160797831,0.866025403784,0.67082039325,-0.387298334621,-1.0246950766,1.11803398875,0.866025403784,-0.5,-1.32287565553,1.32287565553,1.0246950766,-0.59160797831,-1.56524758425},
{0.5,0.866025403784,1.11803398875,1.32287565553,0.866025403784,1.5,1.9364916731,2.29128784748,1.11803398875,1.9364916731,2.5,2.95803989155,1.32287565553,2.29128784748,2.95803989155,3.5}};

#endif