#ifndef ESFR_QUAD_P6
#define ESFR_QUAD_P6

int p = 6;

double r[49] = {-1,-1,-1,-1,-1,-1,-1,-0.830223896279,-0.830223896279,-0.830223896279,-0.830223896279,-0.830223896279,-0.830223896279,-0.830223896279,-0.468848793471,-0.468848793471,-0.468848793471,-0.468848793471,-0.468848793471,-0.468848793471,-0.468848793471,0,0,0,0,0,0,0,0.468848793471,0.468848793471,0.468848793471,0.468848793471,0.468848793471,0.468848793471,0.468848793471,0.830223896279,0.830223896279,0.830223896279,0.830223896279,0.830223896279,0.830223896279,0.830223896279,1,1,1,1,1,1,1};

double s[49] = {-1,-0.830223896279,-0.468848793471,0,0.468848793471,0.830223896279,1,-1,-0.830223896279,-0.468848793471,0,0.468848793471,0.830223896279,1,-1,-0.830223896279,-0.468848793471,0,0.468848793471,0.830223896279,1,-1,-0.830223896279,-0.468848793471,0,0.468848793471,0.830223896279,1,-1,-0.830223896279,-0.468848793471,0,0.468848793471,0.830223896279,1,-1,-0.830223896279,-0.468848793471,0,0.468848793471,0.830223896279,1,-1,-0.830223896279,-0.468848793471,0,0.468848793471,0.830223896279,1};

double Dr[49][49] = {{-10.5,0,0,0,0,0,0,14.2015766029,0,0,0,0,0,0,-5.66898522555,0,0,0,0,0,0,3.2,0,0,0,0,0,0,-2.04996481308,0,0,0,0,0,0,1.3173734357,0,0,0,0,0,0,-0.5,0,0,0,0,0,0},
{0,-10.5,0,0,0,0,0,0,14.2015766029,0,0,0,0,0,0,-5.66898522555,0,0,0,0,0,0,3.2,0,0,0,0,0,0,-2.04996481308,0,0,0,0,0,0,1.3173734357,0,0,0,0,0,0,-0.5,0,0,0,0,0},
{0,0,-10.5,0,0,0,0,0,0,14.2015766029,0,0,0,0,0,0,-5.66898522555,0,0,0,0,0,0,3.2,0,0,0,0,0,0,-2.04996481308,0,0,0,0,0,0,1.3173734357,0,0,0,0,0,0,-0.5,0,0,0,0},
{0,0,0,-10.5,0,0,0,0,0,0,14.2015766029,0,0,0,0,0,0,-5.66898522555,0,0,0,0,0,0,3.2,0,0,0,0,0,0,-2.04996481308,0,0,0,0,0,0,1.3173734357,0,0,0,0,0,0,-0.5,0,0,0},
{0,0,0,0,-10.5,0,0,0,0,0,0,14.2015766029,0,0,0,0,0,0,-5.66898522555,0,0,0,0,0,0,3.2,0,0,0,0,0,0,-2.04996481308,0,0,0,0,0,0,1.3173734357,0,0,0,0,0,0,-0.5,0,0},
{0,0,0,0,0,-10.5,0,0,0,0,0,0,14.2015766029,0,0,0,0,0,0,-5.66898522555,0,0,0,0,0,0,3.2,0,0,0,0,0,0,-2.04996481308,0,0,0,0,0,0,1.3173734357,0,0,0,0,0,0,-0.5,0},
{0,0,0,0,0,0,-10.5,0,0,0,0,0,0,14.2015766029,0,0,0,0,0,0,-5.66898522555,0,0,0,0,0,0,3.2,0,0,0,0,0,0,-2.04996481308,0,0,0,0,0,0,1.3173734357,0,0,0,0,0,0,-0.5},
{-2.44292601424,0,0,0,0,0,0,0,0,0,0,0,0,0,3.45582821429,0,0,0,0,0,0,-1.5986066881,0,0,0,0,0,0,0.961339797289,0,0,0,0,0,0,-0.602247179636,0,0,0,0,0,0,0.226611870395,0,0,0,0,0,0},
{0,-2.44292601424,0,0,0,0,0,0,0,0,0,0,0,0,0,3.45582821429,0,0,0,0,0,0,-1.5986066881,0,0,0,0,0,0,0.961339797289,0,0,0,0,0,0,-0.602247179636,0,0,0,0,0,0,0.226611870395,0,0,0,0,0},
{0,0,-2.44292601424,0,0,0,0,0,0,0,0,0,0,0,0,0,3.45582821429,0,0,0,0,0,0,-1.5986066881,0,0,0,0,0,0,0.961339797289,0,0,0,0,0,0,-0.602247179636,0,0,0,0,0,0,0.226611870395,0,0,0,0},
{0,0,0,-2.44292601424,0,0,0,0,0,0,0,0,0,0,0,0,0,3.45582821429,0,0,0,0,0,0,-1.5986066881,0,0,0,0,0,0,0.961339797289,0,0,0,0,0,0,-0.602247179636,0,0,0,0,0,0,0.226611870395,0,0,0},
{0,0,0,0,-2.44292601424,0,0,0,0,0,0,0,0,0,0,0,0,0,3.45582821429,0,0,0,0,0,0,-1.5986066881,0,0,0,0,0,0,0.961339797289,0,0,0,0,0,0,-0.602247179636,0,0,0,0,0,0,0.226611870395,0,0},
{0,0,0,0,0,-2.44292601424,0,0,0,0,0,0,0,0,0,0,0,0,0,3.45582821429,0,0,0,0,0,0,-1.5986066881,0,0,0,0,0,0,0.961339797289,0,0,0,0,0,0,-0.602247179636,0,0,0,0,0,0,0.226611870395,0},
{0,0,0,0,0,0,-2.44292601424,0,0,0,0,0,0,0,0,0,0,0,0,0,3.45582821429,0,0,0,0,0,0,-1.5986066881,0,0,0,0,0,0,0.961339797289,0,0,0,0,0,0,-0.602247179636,0,0,0,0,0,0,0.226611870395},
{0.625256665515,0,0,0,0,0,0,-2.21580428317,0,0,0,0,0,0,0,0,0,0,0,0,0,2.26669808709,0,0,0,0,0,0,-1.06644190401,0,0,0,0,0,0,0.616390835518,0,0,0,0,0,0,-0.226099400943,0,0,0,0,0,0},
{0,0.625256665515,0,0,0,0,0,0,-2.21580428317,0,0,0,0,0,0,0,0,0,0,0,0,0,2.26669808709,0,0,0,0,0,0,-1.06644190401,0,0,0,0,0,0,0.616390835518,0,0,0,0,0,0,-0.226099400943,0,0,0,0,0},
{0,0,0.625256665515,0,0,0,0,0,0,-2.21580428317,0,0,0,0,0,0,0,0,0,0,0,0,0,2.26669808709,0,0,0,0,0,0,-1.06644190401,0,0,0,0,0,0,0.616390835518,0,0,0,0,0,0,-0.226099400943,0,0,0,0},
{0,0,0,0.625256665515,0,0,0,0,0,0,-2.21580428317,0,0,0,0,0,0,0,0,0,0,0,0,0,2.26669808709,0,0,0,0,0,0,-1.06644190401,0,0,0,0,0,0,0.616390835518,0,0,0,0,0,0,-0.226099400943,0,0,0},
{0,0,0,0,0.625256665515,0,0,0,0,0,0,-2.21580428317,0,0,0,0,0,0,0,0,0,0,0,0,0,2.26669808709,0,0,0,0,0,0,-1.06644190401,0,0,0,0,0,0,0.616390835518,0,0,0,0,0,0,-0.226099400943,0,0},
{0,0,0,0,0,0.625256665515,0,0,0,0,0,0,-2.21580428317,0,0,0,0,0,0,0,0,0,0,0,0,0,2.26669808709,0,0,0,0,0,0,-1.06644190401,0,0,0,0,0,0,0.616390835518,0,0,0,0,0,0,-0.226099400943,0},
{0,0,0,0,0,0,0.625256665515,0,0,0,0,0,0,-2.21580428317,0,0,0,0,0,0,0,0,0,0,0,0,0,2.26669808709,0,0,0,0,0,0,-1.06644190401,0,0,0,0,0,0,0.616390835518,0,0,0,0,0,0,-0.226099400943},
{-0.3125,0,0,0,0,0,0,0.907544471269,0,0,0,0,0,0,-2.00696924059,0,0,0,0,0,0,0,0,0,0,0,0,0,2.00696924059,0,0,0,0,0,0,-0.907544471269,0,0,0,0,0,0,0.3125,0,0,0,0,0,0},
{0,-0.3125,0,0,0,0,0,0,0.907544471269,0,0,0,0,0,0,-2.00696924059,0,0,0,0,0,0,0,0,0,0,0,0,0,2.00696924059,0,0,0,0,0,0,-0.907544471269,0,0,0,0,0,0,0.3125,0,0,0,0,0},
{0,0,-0.3125,0,0,0,0,0,0,0.907544471269,0,0,0,0,0,0,-2.00696924059,0,0,0,0,0,0,0,0,0,0,0,0,0,2.00696924059,0,0,0,0,0,0,-0.907544471269,0,0,0,0,0,0,0.3125,0,0,0,0},
{0,0,0,-0.3125,0,0,0,0,0,0,0.907544471269,0,0,0,0,0,0,-2.00696924059,0,0,0,0,0,0,0,0,0,0,0,0,0,2.00696924059,0,0,0,0,0,0,-0.907544471269,0,0,0,0,0,0,0.3125,0,0,0},
{0,0,0,0,-0.3125,0,0,0,0,0,0,0.907544471269,0,0,0,0,0,0,-2.00696924059,0,0,0,0,0,0,0,0,0,0,0,0,0,2.00696924059,0,0,0,0,0,0,-0.907544471269,0,0,0,0,0,0,0.3125,0,0},
{0,0,0,0,0,-0.3125,0,0,0,0,0,0,0.907544471269,0,0,0,0,0,0,-2.00696924059,0,0,0,0,0,0,0,0,0,0,0,0,0,2.00696924059,0,0,0,0,0,0,-0.907544471269,0,0,0,0,0,0,0.3125,0},
{0,0,0,0,0,0,-0.3125,0,0,0,0,0,0,0.907544471269,0,0,0,0,0,0,-2.00696924059,0,0,0,0,0,0,0,0,0,0,0,0,0,2.00696924059,0,0,0,0,0,0,-0.907544471269,0,0,0,0,0,0,0.3125},
{0.226099400943,0,0,0,0,0,0,-0.616390835518,0,0,0,0,0,0,1.06644190401,0,0,0,0,0,0,-2.26669808709,0,0,0,0,0,0,0,0,0,0,0,0,0,2.21580428317,0,0,0,0,0,0,-0.625256665515,0,0,0,0,0,0},
{0,0.226099400943,0,0,0,0,0,0,-0.616390835518,0,0,0,0,0,0,1.06644190401,0,0,0,0,0,0,-2.26669808709,0,0,0,0,0,0,0,0,0,0,0,0,0,2.21580428317,0,0,0,0,0,0,-0.625256665515,0,0,0,0,0},
{0,0,0.226099400943,0,0,0,0,0,0,-0.616390835518,0,0,0,0,0,0,1.06644190401,0,0,0,0,0,0,-2.26669808709,0,0,0,0,0,0,0,0,0,0,0,0,0,2.21580428317,0,0,0,0,0,0,-0.625256665515,0,0,0,0},
{0,0,0,0.226099400943,0,0,0,0,0,0,-0.616390835518,0,0,0,0,0,0,1.06644190401,0,0,0,0,0,0,-2.26669808709,0,0,0,0,0,0,0,0,0,0,0,0,0,2.21580428317,0,0,0,0,0,0,-0.625256665515,0,0,0},
{0,0,0,0,0.226099400943,0,0,0,0,0,0,-0.616390835518,0,0,0,0,0,0,1.06644190401,0,0,0,0,0,0,-2.26669808709,0,0,0,0,0,0,0,0,0,0,0,0,0,2.21580428317,0,0,0,0,0,0,-0.625256665515,0,0},
{0,0,0,0,0,0.226099400943,0,0,0,0,0,0,-0.616390835518,0,0,0,0,0,0,1.06644190401,0,0,0,0,0,0,-2.26669808709,0,0,0,0,0,0,0,0,0,0,0,0,0,2.21580428317,0,0,0,0,0,0,-0.625256665515,0},
{0,0,0,0,0,0,0.226099400943,0,0,0,0,0,0,-0.616390835518,0,0,0,0,0,0,1.06644190401,0,0,0,0,0,0,-2.26669808709,0,0,0,0,0,0,0,0,0,0,0,0,0,2.21580428317,0,0,0,0,0,0,-0.625256665515},
{-0.226611870395,0,0,0,0,0,0,0.602247179636,0,0,0,0,0,0,-0.961339797289,0,0,0,0,0,0,1.5986066881,0,0,0,0,0,0,-3.45582821429,0,0,0,0,0,0,0,0,0,0,0,0,0,2.44292601424,0,0,0,0,0,0},
{0,-0.226611870395,0,0,0,0,0,0,0.602247179636,0,0,0,0,0,0,-0.961339797289,0,0,0,0,0,0,1.5986066881,0,0,0,0,0,0,-3.45582821429,0,0,0,0,0,0,0,0,0,0,0,0,0,2.44292601424,0,0,0,0,0},
{0,0,-0.226611870395,0,0,0,0,0,0,0.602247179636,0,0,0,0,0,0,-0.961339797289,0,0,0,0,0,0,1.5986066881,0,0,0,0,0,0,-3.45582821429,0,0,0,0,0,0,0,0,0,0,0,0,0,2.44292601424,0,0,0,0},
{0,0,0,-0.226611870395,0,0,0,0,0,0,0.602247179636,0,0,0,0,0,0,-0.961339797289,0,0,0,0,0,0,1.5986066881,0,0,0,0,0,0,-3.45582821429,0,0,0,0,0,0,0,0,0,0,0,0,0,2.44292601424,0,0,0},
{0,0,0,0,-0.226611870395,0,0,0,0,0,0,0.602247179636,0,0,0,0,0,0,-0.961339797289,0,0,0,0,0,0,1.5986066881,0,0,0,0,0,0,-3.45582821429,0,0,0,0,0,0,0,0,0,0,0,0,0,2.44292601424,0,0},
{0,0,0,0,0,-0.226611870395,0,0,0,0,0,0,0.602247179636,0,0,0,0,0,0,-0.961339797289,0,0,0,0,0,0,1.5986066881,0,0,0,0,0,0,-3.45582821429,0,0,0,0,0,0,0,0,0,0,0,0,0,2.44292601424,0},
{0,0,0,0,0,0,-0.226611870395,0,0,0,0,0,0,0.602247179636,0,0,0,0,0,0,-0.961339797289,0,0,0,0,0,0,1.5986066881,0,0,0,0,0,0,-3.45582821429,0,0,0,0,0,0,0,0,0,0,0,0,0,2.44292601424},
{0.5,0,0,0,0,0,0,-1.3173734357,0,0,0,0,0,0,2.04996481308,0,0,0,0,0,0,-3.2,0,0,0,0,0,0,5.66898522555,0,0,0,0,0,0,-14.2015766029,0,0,0,0,0,0,10.5,0,0,0,0,0,0},
{0,0.5,0,0,0,0,0,0,-1.3173734357,0,0,0,0,0,0,2.04996481308,0,0,0,0,0,0,-3.2,0,0,0,0,0,0,5.66898522555,0,0,0,0,0,0,-14.2015766029,0,0,0,0,0,0,10.5,0,0,0,0,0},
{0,0,0.5,0,0,0,0,0,0,-1.3173734357,0,0,0,0,0,0,2.04996481308,0,0,0,0,0,0,-3.2,0,0,0,0,0,0,5.66898522555,0,0,0,0,0,0,-14.2015766029,0,0,0,0,0,0,10.5,0,0,0,0},
{0,0,0,0.5,0,0,0,0,0,0,-1.3173734357,0,0,0,0,0,0,2.04996481308,0,0,0,0,0,0,-3.2,0,0,0,0,0,0,5.66898522555,0,0,0,0,0,0,-14.2015766029,0,0,0,0,0,0,10.5,0,0,0},
{0,0,0,0,0.5,0,0,0,0,0,0,-1.3173734357,0,0,0,0,0,0,2.04996481308,0,0,0,0,0,0,-3.2,0,0,0,0,0,0,5.66898522555,0,0,0,0,0,0,-14.2015766029,0,0,0,0,0,0,10.5,0,0},
{0,0,0,0,0,0.5,0,0,0,0,0,0,-1.3173734357,0,0,0,0,0,0,2.04996481308,0,0,0,0,0,0,-3.2,0,0,0,0,0,0,5.66898522555,0,0,0,0,0,0,-14.2015766029,0,0,0,0,0,0,10.5,0},
{0,0,0,0,0,0,0.5,0,0,0,0,0,0,-1.3173734357,0,0,0,0,0,0,2.04996481308,0,0,0,0,0,0,-3.2,0,0,0,0,0,0,5.66898522555,0,0,0,0,0,0,-14.2015766029,0,0,0,0,0,0,10.5}};

double Ds[49][49] = {{-10.5,14.2015766029,-5.66898522555,3.2,-2.04996481308,1.3173734357,-0.5,0,0,0,0,0,0,0,0,0,0,0,0,0,0,0,0,0,0,0,0,0,0,0,0,0,0,0,0,0,0,0,0,0,0,0,0,0,0,0,0,0,0},
{-2.44292601424,0,3.45582821429,-1.5986066881,0.961339797289,-0.602247179636,0.226611870395,0,0,0,0,0,0,0,0,0,0,0,0,0,0,0,0,0,0,0,0,0,0,0,0,0,0,0,0,0,0,0,0,0,0,0,0,0,0,0,0,0,0},
{0.625256665515,-2.21580428317,0,2.26669808709,-1.06644190401,0.616390835518,-0.226099400943,0,0,0,0,0,0,0,0,0,0,0,0,0,0,0,0,0,0,0,0,0,0,0,0,0,0,0,0,0,0,0,0,0,0,0,0,0,0,0,0,0,0},
{-0.3125,0.907544471269,-2.00696924059,0,2.00696924059,-0.907544471269,0.3125,0,0,0,0,0,0,0,0,0,0,0,0,0,0,0,0,0,0,0,0,0,0,0,0,0,0,0,0,0,0,0,0,0,0,0,0,0,0,0,0,0,0},
{0.226099400943,-0.616390835518,1.06644190401,-2.26669808709,0,2.21580428317,-0.625256665515,0,0,0,0,0,0,0,0,0,0,0,0,0,0,0,0,0,0,0,0,0,0,0,0,0,0,0,0,0,0,0,0,0,0,0,0,0,0,0,0,0,0},
{-0.226611870395,0.602247179636,-0.961339797289,1.5986066881,-3.45582821429,0,2.44292601424,0,0,0,0,0,0,0,0,0,0,0,0,0,0,0,0,0,0,0,0,0,0,0,0,0,0,0,0,0,0,0,0,0,0,0,0,0,0,0,0,0,0},
{0.5,-1.3173734357,2.04996481308,-3.2,5.66898522555,-14.2015766029,10.5,0,0,0,0,0,0,0,0,0,0,0,0,0,0,0,0,0,0,0,0,0,0,0,0,0,0,0,0,0,0,0,0,0,0,0,0,0,0,0,0,0,0},
{0,0,0,0,0,0,0,-10.5,14.2015766029,-5.66898522555,3.2,-2.04996481308,1.3173734357,-0.5,0,0,0,0,0,0,0,0,0,0,0,0,0,0,0,0,0,0,0,0,0,0,0,0,0,0,0,0,0,0,0,0,0,0,0},
{0,0,0,0,0,0,0,-2.44292601424,0,3.45582821429,-1.5986066881,0.961339797289,-0.602247179636,0.226611870395,0,0,0,0,0,0,0,0,0,0,0,0,0,0,0,0,0,0,0,0,0,0,0,0,0,0,0,0,0,0,0,0,0,0,0},
{0,0,0,0,0,0,0,0.625256665515,-2.21580428317,0,2.26669808709,-1.06644190401,0.616390835518,-0.226099400943,0,0,0,0,0,0,0,0,0,0,0,0,0,0,0,0,0,0,0,0,0,0,0,0,0,0,0,0,0,0,0,0,0,0,0},
{0,0,0,0,0,0,0,-0.3125,0.907544471269,-2.00696924059,0,2.00696924059,-0.907544471269,0.3125,0,0,0,0,0,0,0,0,0,0,0,0,0,0,0,0,0,0,0,0,0,0,0,0,0,0,0,0,0,0,0,0,0,0,0},
{0,0,0,0,0,0,0,0.226099400943,-0.616390835518,1.06644190401,-2.26669808709,0,2.21580428317,-0.625256665515,0,0,0,0,0,0,0,0,0,0,0,0,0,0,0,0,0,0,0,0,0,0,0,0,0,0,0,0,0,0,0,0,0,0,0},
{0,0,0,0,0,0,0,-0.226611870395,0.602247179636,-0.961339797289,1.5986066881,-3.45582821429,0,2.44292601424,0,0,0,0,0,0,0,0,0,0,0,0,0,0,0,0,0,0,0,0,0,0,0,0,0,0,0,0,0,0,0,0,0,0,0},
{0,0,0,0,0,0,0,0.5,-1.3173734357,2.04996481308,-3.2,5.66898522555,-14.2015766029,10.5,0,0,0,0,0,0,0,0,0,0,0,0,0,0,0,0,0,0,0,0,0,0,0,0,0,0,0,0,0,0,0,0,0,0,0},
{0,0,0,0,0,0,0,0,0,0,0,0,0,0,-10.5,14.2015766029,-5.66898522555,3.2,-2.04996481308,1.3173734357,-0.5,0,0,0,0,0,0,0,0,0,0,0,0,0,0,0,0,0,0,0,0,0,0,0,0,0,0,0,0},
{0,0,0,0,0,0,0,0,0,0,0,0,0,0,-2.44292601424,0,3.45582821429,-1.5986066881,0.961339797289,-0.602247179636,0.226611870395,0,0,0,0,0,0,0,0,0,0,0,0,0,0,0,0,0,0,0,0,0,0,0,0,0,0,0,0},
{0,0,0,0,0,0,0,0,0,0,0,0,0,0,0.625256665515,-2.21580428317,0,2.26669808709,-1.06644190401,0.616390835518,-0.226099400943,0,0,0,0,0,0,0,0,0,0,0,0,0,0,0,0,0,0,0,0,0,0,0,0,0,0,0,0},
{0,0,0,0,0,0,0,0,0,0,0,0,0,0,-0.3125,0.907544471269,-2.00696924059,0,2.00696924059,-0.907544471269,0.3125,0,0,0,0,0,0,0,0,0,0,0,0,0,0,0,0,0,0,0,0,0,0,0,0,0,0,0,0},
{0,0,0,0,0,0,0,0,0,0,0,0,0,0,0.226099400943,-0.616390835518,1.06644190401,-2.26669808709,0,2.21580428317,-0.625256665515,0,0,0,0,0,0,0,0,0,0,0,0,0,0,0,0,0,0,0,0,0,0,0,0,0,0,0,0},
{0,0,0,0,0,0,0,0,0,0,0,0,0,0,-0.226611870395,0.602247179636,-0.961339797289,1.5986066881,-3.45582821429,0,2.44292601424,0,0,0,0,0,0,0,0,0,0,0,0,0,0,0,0,0,0,0,0,0,0,0,0,0,0,0,0},
{0,0,0,0,0,0,0,0,0,0,0,0,0,0,0.5,-1.3173734357,2.04996481308,-3.2,5.66898522555,-14.2015766029,10.5,0,0,0,0,0,0,0,0,0,0,0,0,0,0,0,0,0,0,0,0,0,0,0,0,0,0,0,0},
{0,0,0,0,0,0,0,0,0,0,0,0,0,0,0,0,0,0,0,0,0,-10.5,14.2015766029,-5.66898522555,3.2,-2.04996481308,1.3173734357,-0.5,0,0,0,0,0,0,0,0,0,0,0,0,0,0,0,0,0,0,0,0,0},
{0,0,0,0,0,0,0,0,0,0,0,0,0,0,0,0,0,0,0,0,0,-2.44292601424,0,3.45582821429,-1.5986066881,0.961339797289,-0.602247179636,0.226611870395,0,0,0,0,0,0,0,0,0,0,0,0,0,0,0,0,0,0,0,0,0},
{0,0,0,0,0,0,0,0,0,0,0,0,0,0,0,0,0,0,0,0,0,0.625256665515,-2.21580428317,0,2.26669808709,-1.06644190401,0.616390835518,-0.226099400943,0,0,0,0,0,0,0,0,0,0,0,0,0,0,0,0,0,0,0,0,0},
{0,0,0,0,0,0,0,0,0,0,0,0,0,0,0,0,0,0,0,0,0,-0.3125,0.907544471269,-2.00696924059,0,2.00696924059,-0.907544471269,0.3125,0,0,0,0,0,0,0,0,0,0,0,0,0,0,0,0,0,0,0,0,0},
{0,0,0,0,0,0,0,0,0,0,0,0,0,0,0,0,0,0,0,0,0,0.226099400943,-0.616390835518,1.06644190401,-2.26669808709,0,2.21580428317,-0.625256665515,0,0,0,0,0,0,0,0,0,0,0,0,0,0,0,0,0,0,0,0,0},
{0,0,0,0,0,0,0,0,0,0,0,0,0,0,0,0,0,0,0,0,0,-0.226611870395,0.602247179636,-0.961339797289,1.5986066881,-3.45582821429,0,2.44292601424,0,0,0,0,0,0,0,0,0,0,0,0,0,0,0,0,0,0,0,0,0},
{0,0,0,0,0,0,0,0,0,0,0,0,0,0,0,0,0,0,0,0,0,0.5,-1.3173734357,2.04996481308,-3.2,5.66898522555,-14.2015766029,10.5,0,0,0,0,0,0,0,0,0,0,0,0,0,0,0,0,0,0,0,0,0},
{0,0,0,0,0,0,0,0,0,0,0,0,0,0,0,0,0,0,0,0,0,0,0,0,0,0,0,0,-10.5,14.2015766029,-5.66898522555,3.2,-2.04996481308,1.3173734357,-0.5,0,0,0,0,0,0,0,0,0,0,0,0,0,0},
{0,0,0,0,0,0,0,0,0,0,0,0,0,0,0,0,0,0,0,0,0,0,0,0,0,0,0,0,-2.44292601424,0,3.45582821429,-1.5986066881,0.961339797289,-0.602247179636,0.226611870395,0,0,0,0,0,0,0,0,0,0,0,0,0,0},
{0,0,0,0,0,0,0,0,0,0,0,0,0,0,0,0,0,0,0,0,0,0,0,0,0,0,0,0,0.625256665515,-2.21580428317,0,2.26669808709,-1.06644190401,0.616390835518,-0.226099400943,0,0,0,0,0,0,0,0,0,0,0,0,0,0},
{0,0,0,0,0,0,0,0,0,0,0,0,0,0,0,0,0,0,0,0,0,0,0,0,0,0,0,0,-0.3125,0.907544471269,-2.00696924059,0,2.00696924059,-0.907544471269,0.3125,0,0,0,0,0,0,0,0,0,0,0,0,0,0},
{0,0,0,0,0,0,0,0,0,0,0,0,0,0,0,0,0,0,0,0,0,0,0,0,0,0,0,0,0.226099400943,-0.616390835518,1.06644190401,-2.26669808709,0,2.21580428317,-0.625256665515,0,0,0,0,0,0,0,0,0,0,0,0,0,0},
{0,0,0,0,0,0,0,0,0,0,0,0,0,0,0,0,0,0,0,0,0,0,0,0,0,0,0,0,-0.226611870395,0.602247179636,-0.961339797289,1.5986066881,-3.45582821429,0,2.44292601424,0,0,0,0,0,0,0,0,0,0,0,0,0,0},
{0,0,0,0,0,0,0,0,0,0,0,0,0,0,0,0,0,0,0,0,0,0,0,0,0,0,0,0,0.5,-1.3173734357,2.04996481308,-3.2,5.66898522555,-14.2015766029,10.5,0,0,0,0,0,0,0,0,0,0,0,0,0,0},
{0,0,0,0,0,0,0,0,0,0,0,0,0,0,0,0,0,0,0,0,0,0,0,0,0,0,0,0,0,0,0,0,0,0,0,-10.5,14.2015766029,-5.66898522555,3.2,-2.04996481308,1.3173734357,-0.5,0,0,0,0,0,0,0},
{0,0,0,0,0,0,0,0,0,0,0,0,0,0,0,0,0,0,0,0,0,0,0,0,0,0,0,0,0,0,0,0,0,0,0,-2.44292601424,0,3.45582821429,-1.5986066881,0.961339797289,-0.602247179636,0.226611870395,0,0,0,0,0,0,0},
{0,0,0,0,0,0,0,0,0,0,0,0,0,0,0,0,0,0,0,0,0,0,0,0,0,0,0,0,0,0,0,0,0,0,0,0.625256665515,-2.21580428317,0,2.26669808709,-1.06644190401,0.616390835518,-0.226099400943,0,0,0,0,0,0,0},
{0,0,0,0,0,0,0,0,0,0,0,0,0,0,0,0,0,0,0,0,0,0,0,0,0,0,0,0,0,0,0,0,0,0,0,-0.3125,0.907544471269,-2.00696924059,0,2.00696924059,-0.907544471269,0.3125,0,0,0,0,0,0,0},
{0,0,0,0,0,0,0,0,0,0,0,0,0,0,0,0,0,0,0,0,0,0,0,0,0,0,0,0,0,0,0,0,0,0,0,0.226099400943,-0.616390835518,1.06644190401,-2.26669808709,0,2.21580428317,-0.625256665515,0,0,0,0,0,0,0},
{0,0,0,0,0,0,0,0,0,0,0,0,0,0,0,0,0,0,0,0,0,0,0,0,0,0,0,0,0,0,0,0,0,0,0,-0.226611870395,0.602247179636,-0.961339797289,1.5986066881,-3.45582821429,0,2.44292601424,0,0,0,0,0,0,0},
{0,0,0,0,0,0,0,0,0,0,0,0,0,0,0,0,0,0,0,0,0,0,0,0,0,0,0,0,0,0,0,0,0,0,0,0.5,-1.3173734357,2.04996481308,-3.2,5.66898522555,-14.2015766029,10.5,0,0,0,0,0,0,0},
{0,0,0,0,0,0,0,0,0,0,0,0,0,0,0,0,0,0,0,0,0,0,0,0,0,0,0,0,0,0,0,0,0,0,0,0,0,0,0,0,0,0,-10.5,14.2015766029,-5.66898522555,3.2,-2.04996481308,1.3173734357,-0.5},
{0,0,0,0,0,0,0,0,0,0,0,0,0,0,0,0,0,0,0,0,0,0,0,0,0,0,0,0,0,0,0,0,0,0,0,0,0,0,0,0,0,0,-2.44292601424,0,3.45582821429,-1.5986066881,0.961339797289,-0.602247179636,0.226611870395},
{0,0,0,0,0,0,0,0,0,0,0,0,0,0,0,0,0,0,0,0,0,0,0,0,0,0,0,0,0,0,0,0,0,0,0,0,0,0,0,0,0,0,0.625256665515,-2.21580428317,0,2.26669808709,-1.06644190401,0.616390835518,-0.226099400943},
{0,0,0,0,0,0,0,0,0,0,0,0,0,0,0,0,0,0,0,0,0,0,0,0,0,0,0,0,0,0,0,0,0,0,0,0,0,0,0,0,0,0,-0.3125,0.907544471269,-2.00696924059,0,2.00696924059,-0.907544471269,0.3125},
{0,0,0,0,0,0,0,0,0,0,0,0,0,0,0,0,0,0,0,0,0,0,0,0,0,0,0,0,0,0,0,0,0,0,0,0,0,0,0,0,0,0,0.226099400943,-0.616390835518,1.06644190401,-2.26669808709,0,2.21580428317,-0.625256665515},
{0,0,0,0,0,0,0,0,0,0,0,0,0,0,0,0,0,0,0,0,0,0,0,0,0,0,0,0,0,0,0,0,0,0,0,0,0,0,0,0,0,0,-0.226611870395,0.602247179636,-0.961339797289,1.5986066881,-3.45582821429,0,2.44292601424},
{0,0,0,0,0,0,0,0,0,0,0,0,0,0,0,0,0,0,0,0,0,0,0,0,0,0,0,0,0,0,0,0,0,0,0,0,0,0,0,0,0,0,0.5,-1.3173734357,2.04996481308,-3.2,5.66898522555,-14.2015766029,10.5}};

double LIFT[49][28] = {{21,0,0,0,0,0,0,0,0,0,0,0,0,0,0,0,0,0,0,0,0,21,0,0,0,0,0,0},
{0,0,0,0,0,0,0,0,0,0,0,0,0,0,0,0,0,0,0,0,0,0,21,0,0,0,0,0},
{0,0,0,0,0,0,0,0,0,0,0,0,0,0,0,0,0,0,0,0,0,0,0,21,0,0,0,0},
{0,0,0,0,0,0,0,0,0,0,0,0,0,0,0,0,0,0,0,0,0,0,0,0,21,0,0,0},
{0,0,0,0,0,0,0,0,0,0,0,0,0,0,0,0,0,0,0,0,0,0,0,0,0,21,0,0},
{0,0,0,0,0,0,0,0,0,0,0,0,0,0,0,0,0,0,0,0,0,0,0,0,0,0,21,0},
{0,0,0,0,0,0,0,0,0,0,0,0,0,0,21,0,0,0,0,0,0,0,0,0,0,0,0,21},
{0,21,0,0,0,0,0,0,0,0,0,0,0,0,0,0,0,0,0,0,0,0,0,0,0,0,0,0},
{0,0,0,0,0,0,0,0,0,0,0,0,0,0,0,0,0,0,0,0,0,0,0,0,0,0,0,0},
{0,0,0,0,0,0,0,0,0,0,0,0,0,0,0,0,0,0,0,0,0,0,0,0,0,0,0,0},
{0,0,0,0,0,0,0,0,0,0,0,0,0,0,0,0,0,0,0,0,0,0,0,0,0,0,0,0},
{0,0,0,0,0,0,0,0,0,0,0,0,0,0,0,0,0,0,0,0,0,0,0,0,0,0,0,0},
{0,0,0,0,0,0,0,0,0,0,0,0,0,0,0,0,0,0,0,0,0,0,0,0,0,0,0,0},
{0,0,0,0,0,0,0,0,0,0,0,0,0,0,0,21,0,0,0,0,0,0,0,0,0,0,0,0},
{0,0,21,0,0,0,0,0,0,0,0,0,0,0,0,0,0,0,0,0,0,0,0,0,0,0,0,0},
{0,0,0,0,0,0,0,0,0,0,0,0,0,0,0,0,0,0,0,0,0,0,0,0,0,0,0,0},
{0,0,0,0,0,0,0,0,0,0,0,0,0,0,0,0,0,0,0,0,0,0,0,0,0,0,0,0},
{0,0,0,0,0,0,0,0,0,0,0,0,0,0,0,0,0,0,0,0,0,0,0,0,0,0,0,0},
{0,0,0,0,0,0,0,0,0,0,0,0,0,0,0,0,0,0,0,0,0,0,0,0,0,0,0,0},
{0,0,0,0,0,0,0,0,0,0,0,0,0,0,0,0,0,0,0,0,0,0,0,0,0,0,0,0},
{0,0,0,0,0,0,0,0,0,0,0,0,0,0,0,0,21,0,0,0,0,0,0,0,0,0,0,0},
{0,0,0,21,0,0,0,0,0,0,0,0,0,0,0,0,0,0,0,0,0,0,0,0,0,0,0,0},
{0,0,0,0,0,0,0,0,0,0,0,0,0,0,0,0,0,0,0,0,0,0,0,0,0,0,0,0},
{0,0,0,0,0,0,0,0,0,0,0,0,0,0,0,0,0,0,0,0,0,0,0,0,0,0,0,0},
{0,0,0,0,0,0,0,0,0,0,0,0,0,0,0,0,0,0,0,0,0,0,0,0,0,0,0,0},
{0,0,0,0,0,0,0,0,0,0,0,0,0,0,0,0,0,0,0,0,0,0,0,0,0,0,0,0},
{0,0,0,0,0,0,0,0,0,0,0,0,0,0,0,0,0,0,0,0,0,0,0,0,0,0,0,0},
{0,0,0,0,0,0,0,0,0,0,0,0,0,0,0,0,0,21,0,0,0,0,0,0,0,0,0,0},
{0,0,0,0,21,0,0,0,0,0,0,0,0,0,0,0,0,0,0,0,0,0,0,0,0,0,0,0},
{0,0,0,0,0,0,0,0,0,0,0,0,0,0,0,0,0,0,0,0,0,0,0,0,0,0,0,0},
{0,0,0,0,0,0,0,0,0,0,0,0,0,0,0,0,0,0,0,0,0,0,0,0,0,0,0,0},
{0,0,0,0,0,0,0,0,0,0,0,0,0,0,0,0,0,0,0,0,0,0,0,0,0,0,0,0},
{0,0,0,0,0,0,0,0,0,0,0,0,0,0,0,0,0,0,0,0,0,0,0,0,0,0,0,0},
{0,0,0,0,0,0,0,0,0,0,0,0,0,0,0,0,0,0,0,0,0,0,0,0,0,0,0,0},
{0,0,0,0,0,0,0,0,0,0,0,0,0,0,0,0,0,0,21,0,0,0,0,0,0,0,0,0},
{0,0,0,0,0,21,0,0,0,0,0,0,0,0,0,0,0,0,0,0,0,0,0,0,0,0,0,0},
{0,0,0,0,0,0,0,0,0,0,0,0,0,0,0,0,0,0,0,0,0,0,0,0,0,0,0,0},
{0,0,0,0,0,0,0,0,0,0,0,0,0,0,0,0,0,0,0,0,0,0,0,0,0,0,0,0},
{0,0,0,0,0,0,0,0,0,0,0,0,0,0,0,0,0,0,0,0,0,0,0,0,0,0,0,0},
{0,0,0,0,0,0,0,0,0,0,0,0,0,0,0,0,0,0,0,0,0,0,0,0,0,0,0,0},
{0,0,0,0,0,0,0,0,0,0,0,0,0,0,0,0,0,0,0,0,0,0,0,0,0,0,0,0},
{0,0,0,0,0,0,0,0,0,0,0,0,0,0,0,0,0,0,0,21,0,0,0,0,0,0,0,0},
{0,0,0,0,0,0,21,21,0,0,0,0,0,0,0,0,0,0,0,0,0,0,0,0,0,0,0,0},
{0,0,0,0,0,0,0,0,21,0,0,0,0,0,0,0,0,0,0,0,0,0,0,0,0,0,0,0},
{0,0,0,0,0,0,0,0,0,21,0,0,0,0,0,0,0,0,0,0,0,0,0,0,0,0,0,0},
{0,0,0,0,0,0,0,0,0,0,21,0,0,0,0,0,0,0,0,0,0,0,0,0,0,0,0,0},
{0,0,0,0,0,0,0,0,0,0,0,21,0,0,0,0,0,0,0,0,0,0,0,0,0,0,0,0},
{0,0,0,0,0,0,0,0,0,0,0,0,21,0,0,0,0,0,0,0,0,0,0,0,0,0,0,0},
{0,0,0,0,0,0,0,0,0,0,0,0,0,21,0,0,0,0,0,0,21,0,0,0,0,0,0,0}};

double FaceMask[7][4] = {{0,42,6,0},
{7,43,13,1},
{14,44,20,2},
{21,45,27,3},
{28,46,34,4},
{35,47,41,5},
{42,48,48,6}};

double V[49][49] = {{0.5,-0.866025403784,1.11803398875,-1.32287565553,1.5,-1.65831239518,1.80277563773,-0.866025403784,1.5,-1.9364916731,2.29128784748,-2.59807621135,2.87228132327,-3.1224989992,1.11803398875,-1.9364916731,2.5,-2.95803989155,3.35410196625,-3.70809924355,4.03112887415,-1.32287565553,2.29128784748,-2.95803989155,3.5,-3.9686269666,4.3874821937,-4.76969600708,1.5,-2.59807621135,3.35410196625,-3.9686269666,4.5,-4.97493718553,5.4083269132,-1.65831239518,2.87228132327,-3.70809924355,4.3874821937,-4.97493718553,5.5,-5.97913037155,1.80277563773,-3.1224989992,4.03112887415,-4.76969600708,5.4083269132,-5.97913037155,6.5},
{0.5,-0.718994985006,0.596926817857,-0.245114021284,-0.196839187062,0.571016231049,-0.747702025708,-0.866025403784,1.24533584442,-1.03390757693,0.424549938512,0.340935472912,-0.989029124123,1.29505789745,1.11803398875,-1.60772166196,1.33476894232,-0.54809161383,-0.440145802906,1.27683110888,-1.6719125564,-1.32287565553,1.90228192423,-1.57931991095,0.648510743174,0.520787537238,-1.51076694194,1.9782336148,1.5,-2.15698495502,1.79078045357,-0.735342063853,-0.590517561185,1.71304869315,-2.24310607712,-1.65831239518,2.38463659141,-1.97978228213,0.812951239456,0.652841727523,-1.89384658759,2.47984707426,1.80277563773,-2.59237328524,2.15225024948,-0.883771172076,-0.709713781972,2.05882830017,-2.69587799246},
{0.5,-0.406034965679,-0.190369003766,0.589497579349,-0.356879821203,-0.258211542565,0.598712303581,-0.866025403784,0.703273190206,0.329728786708,-1.02103975837,0.618133982519,0.447235510823,-1.03700012892,1.11803398875,-0.907921784501,-0.425678033229,1.31815666,-0.798007540007,-0.577378561751,1.33876140977,-1.32287565553,1.07426754278,0.503669041299,-1.55966399343,0.944215254839,0.683163527273,-1.58404386215,1.5,-1.21810489704,-0.571107011297,1.76849273805,-1.07063946361,-0.774634627695,1.79613691074,-1.65831239518,1.34666563292,0.631382557204,-1.95514228552,1.18363646218,0.856390803227,-1.98570406835,1.80277563773,-1.46397988839,-0.686385204336,2.12546374911,-1.28674849452,-0.930994956635,2.15868790981},
{0.5,0,-0.559016994375,0,0.5625,0,-0.563367386791,-0.866025403784,0,0.968245836552,0,-0.974278579257,0,0.97578093725,1.11803398875,0,-1.25,0,1.25778823734,0,-1.25972777317,-1.32287565553,0,1.47901994577,0,-1.48823511247,0,1.49053000221,1.5,0,-1.67705098312,0,1.6875,0,-1.69010216037,-1.65831239518,0,1.85404962177,0,-1.86560144457,0,1.86847824111,1.80277563773,0,-2.01556443707,0,2.02812259245,0,-2.03125},
{0.5,0.406034965679,-0.190369003766,-0.589497579349,-0.356879821203,0.258211542565,0.598712303581,-0.866025403784,-0.703273190206,0.329728786708,1.02103975837,0.618133982519,-0.447235510823,-1.03700012892,1.11803398875,0.907921784501,-0.425678033229,-1.31815666,-0.798007540007,0.577378561751,1.33876140977,-1.32287565553,-1.07426754278,0.503669041299,1.55966399343,0.944215254839,-0.683163527273,-1.58404386215,1.5,1.21810489704,-0.571107011297,-1.76849273805,-1.07063946361,0.774634627695,1.79613691074,-1.65831239518,-1.34666563292,0.631382557204,1.95514228552,1.18363646218,-0.856390803227,-1.98570406835,1.80277563773,1.46397988839,-0.686385204336,-2.12546374911,-1.28674849452,0.930994956635,2.15868790981},
{0.5,0.718994985006,0.596926817857,0.245114021284,-0.196839187062,-0.571016231049,-0.747702025708,-0.866025403784,-1.24533584442,-1.03390757693,-0.424549938512,0.340935472912,0.989029124123,1.29505789745,1.11803398875,1.60772166196,1.33476894232,0.54809161383,-0.440145802906,-1.27683110888,-1.6719125564,-1.32287565553,-1.90228192423,-1.57931991095,-0.648510743174,0.520787537238,1.51076694194,1.9782336148,1.5,2.15698495502,1.79078045357,0.735342063853,-0.590517561185,-1.71304869315,-2.24310607712,-1.65831239518,-2.38463659141,-1.97978228213,-0.812951239456,0.652841727523,1.89384658759,2.47984707426,1.80277563773,2.59237328524,2.15225024948,0.883771172076,-0.709713781972,-2.05882830017,-2.69587799246},
{0.5,0.866025403784,1.11803398875,1.32287565553,1.5,1.65831239518,1.80277563773,-0.866025403784,-1.5,-1.9364916731,-2.29128784748,-2.59807621135,-2.87228132327,-3.1224989992,1.11803398875,1.9364916731,2.5,2.95803989155,3.35410196625,3.70809924355,4.03112887415,-1.32287565553,-2.29128784748,-2.95803989155,-3.5,-3.9686269666,-4.3874821937,-4.76969600708,1.5,2.59807621135,3.35410196625,3.9686269666,4.5,4.97493718553,5.4083269132,-1.65831239518,-2.87228132327,-3.70809924355,-4.3874821937,-4.97493718553,-5.5,-5.97913037155,1.80277563773,3.1224989992,4.03112887415,4.76969600708,5.4083269132,5.97913037155,6.5},
{0.5,-0.866025403784,1.11803398875,-1.32287565553,1.5,-1.65831239518,1.80277563773,-0.718994985006,1.24533584442,-1.60772166196,1.90228192423,-2.15698495502,2.38463659141,-2.59237328524,0.596926817857,-1.03390757693,1.33476894232,-1.57931991095,1.79078045357,-1.97978228213,2.15225024948,-0.245114021284,0.424549938512,-0.54809161383,0.648510743174,-0.735342063853,0.812951239456,-0.883771172076,-0.196839187062,0.340935472912,-0.440145802906,0.520787537238,-0.590517561185,0.652841727523,-0.709713781972,0.571016231049,-0.989029124123,1.27683110888,-1.51076694194,1.71304869315,-1.89384658759,2.05882830017,-0.747702025708,1.29505789745,-1.6719125564,1.9782336148,-2.24310607712,2.47984707426,-2.69587799246},
{0.5,-0.718994985006,0.596926817857,-0.245114021284,-0.196839187062,0.571016231049,-0.747702025708,-0.718994985006,1.03390757693,-0.858374776909,0.352471504116,0.2830527767,-0.821115612962,1.07518801353,0.596926817857,-0.858374776909,0.712643251753,-0.292630265475,-0.234997179125,0.681709803489,-0.892646781821,-0.245114021284,0.352471504116,-0.292630265475,0.12016176686,0.0964960893742,-0.279928169222,0.366544500488,-0.196839187062,0.2830527767,-0.234997179125,0.0964960893742,0.0774913311263,-0.224796741437,0.29435411781,0.571016231049,-0.821115612962,0.681709803489,-0.279928169222,-0.224796741437,0.652119072242,-0.853899985334,-0.747702025708,1.07518801353,-0.892646781821,0.366544500488,0.29435411781,-0.853899985334,1.1181166385},
{0.5,-0.406034965679,-0.190369003766,0.589497579349,-0.356879821203,-0.258211542565,0.598712303581,-0.718994985006,0.583874208121,0.273748718016,-0.847691606451,0.513189603389,0.37130560835,-0.860942287473,0.596926817857,-0.484746320003,-0.227272727273,0.70377382835,-0.426062272055,-0.308266788874,0.714774860377,-0.245114021284,0.19904972644,0.0933242240818,-0.288988244424,0.174952496181,0.12658253908,-0.293505560647,-0.196839187062,0.159847185126,0.074944159886,-0.232072448588,0.140495867769,0.101652300257,-0.235700086242,0.571016231049,-0.463705111552,-0.217407582078,0.673225371945,-0.407568340881,-0.294885963698,0.683748886147,-0.747702025708,0.607186332693,0.284678579495,-0.881537068459,0.533679530495,0.386130586874,-0.895316804408},
{0.5,0,-0.559016994375,0,0.5625,0,-0.563367386791,-0.718994985006,0,0.803860830978,0,-0.808869358132,0,0.810116651638,0.596926817857,0,-0.66738447116,0,0.671542670089,0,-0.672578202963,-0.245114021284,0,0.274045806915,0,-0.275753273945,0,0.276178491274,-0.196839187062,0,0.220072901453,0,-0.221444085445,0,0.221785556866,0.571016231049,0,-0.63841555444,0,0.64239325993,0,-0.643383843803,-0.747702025708,0,0.835956278198,0,-0.841164778921,0,0.842461872643},
{0.5,0.406034965679,-0.190369003766,-0.589497579349,-0.356879821203,0.258211542565,0.598712303581,-0.718994985006,-0.583874208121,0.273748718016,0.847691606451,0.513189603389,-0.37130560835,-0.860942287473,0.596926817857,0.484746320003,-0.227272727273,-0.70377382835,-0.426062272055,0.308266788874,0.714774860377,-0.245114021284,-0.19904972644,0.0933242240818,0.288988244424,0.174952496181,-0.12658253908,-0.293505560647,-0.196839187062,-0.159847185126,0.074944159886,0.232072448588,0.140495867769,-0.101652300257,-0.235700086242,0.571016231049,0.463705111552,-0.217407582078,-0.673225371945,-0.407568340881,0.294885963698,0.683748886147,-0.747702025708,-0.607186332693,0.284678579495,0.881537068459,0.533679530495,-0.386130586874,-0.895316804408},
{0.5,0.718994985006,0.596926817857,0.245114021284,-0.196839187062,-0.571016231049,-0.747702025708,-0.718994985006,-1.03390757693,-0.858374776909,-0.352471504116,0.2830527767,0.821115612962,1.07518801353,0.596926817857,0.858374776909,0.712643251753,0.292630265475,-0.234997179125,-0.681709803489,-0.892646781821,-0.245114021284,-0.352471504116,-0.292630265475,-0.12016176686,0.0964960893742,0.279928169222,0.366544500488,-0.196839187062,-0.2830527767,-0.234997179125,-0.0964960893742,0.0774913311263,0.224796741437,0.29435411781,0.571016231049,0.821115612962,0.681709803489,0.279928169222,-0.224796741437,-0.652119072242,-0.853899985334,-0.747702025708,-1.07518801353,-0.892646781821,-0.366544500488,0.29435411781,0.853899985334,1.1181166385},
{0.5,0.866025403784,1.11803398875,1.32287565553,1.5,1.65831239518,1.80277563773,-0.718994985006,-1.24533584442,-1.60772166196,-1.90228192423,-2.15698495502,-2.38463659141,-2.59237328524,0.596926817857,1.03390757693,1.33476894232,1.57931991095,1.79078045357,1.97978228213,2.15225024948,-0.245114021284,-0.424549938512,-0.54809161383,-0.648510743174,-0.735342063853,-0.812951239456,-0.883771172076,-0.196839187062,-0.340935472912,-0.440145802906,-0.520787537238,-0.590517561185,-0.652841727523,-0.709713781972,0.571016231049,0.989029124123,1.27683110888,1.51076694194,1.71304869315,1.89384658759,2.05882830017,-0.747702025708,-1.29505789745,-1.6719125564,-1.9782336148,-2.24310607712,-2.47984707426,-2.69587799246},
{0.5,-0.866025403784,1.11803398875,-1.32287565553,1.5,-1.65831239518,1.80277563773,-0.406034965679,0.703273190206,-0.907921784501,1.07426754278,-1.21810489704,1.34666563292,-1.46397988839,-0.190369003766,0.329728786708,-0.425678033229,0.503669041299,-0.571107011297,0.631382557204,-0.686385204336,0.589497579349,-1.02103975837,1.31815666,-1.55966399343,1.76849273805,-1.95514228552,2.12546374911,-0.356879821203,0.618133982519,-0.798007540007,0.944215254839,-1.07063946361,1.18363646218,-1.28674849452,-0.258211542565,0.447235510823,-0.577378561751,0.683163527273,-0.774634627695,0.856390803227,-0.930994956635,0.598712303581,-1.03700012892,1.33876140977,-1.58404386215,1.79613691074,-1.98570406835,2.15868790981},
{0.5,-0.718994985006,0.596926817857,-0.245114021284,-0.196839187062,0.571016231049,-0.747702025708,-0.406034965679,0.583874208121,-0.484746320003,0.19904972644,0.159847185126,-0.463705111552,0.607186332693,-0.190369003766,0.273748718016,-0.227272727273,0.0933242240818,0.074944159886,-0.217407582078,0.284678579495,0.589497579349,-0.847691606451,0.70377382835,-0.288988244424,-0.232072448588,0.673225371945,-0.881537068459,-0.356879821203,0.513189603389,-0.426062272055,0.174952496181,0.140495867769,-0.407568340881,0.533679530495,-0.258211542565,0.37130560835,-0.308266788874,0.12658253908,0.101652300257,-0.294885963698,0.386130586874,0.598712303581,-0.860942287473,0.714774860377,-0.293505560647,-0.235700086242,0.683748886147,-0.895316804408},
{0.5,-0.406034965679,-0.190369003766,0.589497579349,-0.356879821203,-0.258211542565,0.598712303581,-0.406034965679,0.329728786708,0.154592943821,-0.478713258798,0.289811371907,0.209685829647,-0.486196259273,-0.190369003766,0.154592943821,0.0724807151895,-0.224444133806,0.135877712053,0.0983109482378,-0.22795252955,0.589497579349,-0.478713258798,-0.224444133806,0.695014792118,-0.420759581435,-0.304430158604,0.705878907376,-0.356879821203,0.289811371907,0.135877712053,-0.420759581435,0.254726413563,0.184300978286,-0.427336679708,-0.258211542565,0.209685829647,0.0983109482378,-0.304430158604,0.184300978286,0.133346401428,-0.309188854921,0.598712303581,-0.486196259273,-0.22795252955,0.705878907376,-0.427336679708,-0.309188854921,0.716912844919},
{0.5,0,-0.559016994375,0,0.5625,0,-0.563367386791,-0.406034965679,0,0.45396089225,0,-0.456789336389,0,0.457493715121,-0.190369003766,0,0.212839016614,0,-0.214165129236,0,0.214495376355,0.589497579349,0,-0.659078329998,0,0.663184776768,0,-0.664207421596,-0.356879821203,0,0.399003770004,0,-0.401489798853,0,0.402108904539,-0.258211542565,0,0.288689280875,0,-0.290487985386,0,0.290935923948,0.598712303581,0,-0.669380704887,0,0.673551341529,0,-0.674589971817},
{0.5,0.406034965679,-0.190369003766,-0.589497579349,-0.356879821203,0.258211542565,0.598712303581,-0.406034965679,-0.329728786708,0.154592943821,0.478713258798,0.289811371907,-0.209685829647,-0.486196259273,-0.190369003766,-0.154592943821,0.0724807151895,0.224444133806,0.135877712053,-0.0983109482378,-0.22795252955,0.589497579349,0.478713258798,-0.224444133806,-0.695014792118,-0.420759581435,0.304430158604,0.705878907376,-0.356879821203,-0.289811371907,0.135877712053,0.420759581435,0.254726413563,-0.184300978286,-0.427336679708,-0.258211542565,-0.209685829647,0.0983109482378,0.304430158604,0.184300978286,-0.133346401428,-0.309188854921,0.598712303581,0.486196259273,-0.22795252955,-0.705878907376,-0.427336679708,0.309188854921,0.716912844919},
{0.5,0.718994985006,0.596926817857,0.245114021284,-0.196839187062,-0.571016231049,-0.747702025708,-0.406034965679,-0.583874208121,-0.484746320003,-0.19904972644,0.159847185126,0.463705111552,0.607186332693,-0.190369003766,-0.273748718016,-0.227272727273,-0.0933242240818,0.074944159886,0.217407582078,0.284678579495,0.589497579349,0.847691606451,0.70377382835,0.288988244424,-0.232072448588,-0.673225371945,-0.881537068459,-0.356879821203,-0.513189603389,-0.426062272055,-0.174952496181,0.140495867769,0.407568340881,0.533679530495,-0.258211542565,-0.37130560835,-0.308266788874,-0.12658253908,0.101652300257,0.294885963698,0.386130586874,0.598712303581,0.860942287473,0.714774860377,0.293505560647,-0.235700086242,-0.683748886147,-0.895316804408},
{0.5,0.866025403784,1.11803398875,1.32287565553,1.5,1.65831239518,1.80277563773,-0.406034965679,-0.703273190206,-0.907921784501,-1.07426754278,-1.21810489704,-1.34666563292,-1.46397988839,-0.190369003766,-0.329728786708,-0.425678033229,-0.503669041299,-0.571107011297,-0.631382557204,-0.686385204336,0.589497579349,1.02103975837,1.31815666,1.55966399343,1.76849273805,1.95514228552,2.12546374911,-0.356879821203,-0.618133982519,-0.798007540007,-0.944215254839,-1.07063946361,-1.18363646218,-1.28674849452,-0.258211542565,-0.447235510823,-0.577378561751,-0.683163527273,-0.774634627695,-0.856390803227,-0.930994956635,0.598712303581,1.03700012892,1.33876140977,1.58404386215,1.79613691074,1.98570406835,2.15868790981},
{0.5,-0.866025403784,1.11803398875,-1.32287565553,1.5,-1.65831239518,1.80277563773,0,0,0,0,0,0,0,-0.559016994375,0.968245836552,-1.25,1.47901994577,-1.67705098312,1.85404962177,-2.01556443707,0,0,0,0,0,0,0,0.5625,-0.974278579257,1.25778823734,-1.48823511247,1.6875,-1.86560144457,2.02812259245,0,0,0,0,0,0,0,-0.563367386791,0.97578093725,-1.25972777317,1.49053000221,-1.69010216037,1.86847824111,-2.03125},
{0.5,-0.718994985006,0.596926817857,-0.245114021284,-0.196839187062,0.571016231049,-0.747702025708,0,0,0,0,0,0,0,-0.559016994375,0.803860830978,-0.66738447116,0.274045806915,0.220072901453,-0.63841555444,0.835956278198,0,0,0,0,0,0,0,0.5625,-0.808869358132,0.671542670089,-0.275753273945,-0.221444085445,0.64239325993,-0.841164778921,0,0,0,0,0,0,0,-0.563367386791,0.810116651638,-0.672578202963,0.276178491274,0.221785556866,-0.643383843803,0.842461872643},
{0.5,-0.406034965679,-0.190369003766,0.589497579349,-0.356879821203,-0.258211542565,0.598712303581,0,0,0,0,0,0,0,-0.559016994375,0.45396089225,0.212839016614,-0.659078329998,0.399003770004,0.288689280875,-0.669380704887,0,0,0,0,0,0,0,0.5625,-0.456789336389,-0.214165129236,0.663184776768,-0.401489798853,-0.290487985386,0.673551341529,0,0,0,0,0,0,0,-0.563367386791,0.457493715121,0.214495376355,-0.664207421596,0.402108904539,0.290935923948,-0.674589971817},
{0.5,0,-0.559016994375,0,0.5625,0,-0.563367386791,0,0,0,0,0,0,0,-0.559016994375,0,0.625,0,-0.628894118672,0,0.629863886586,0,0,0,0,0,0,0,0.5625,0,-0.628894118672,0,0.6328125,0,-0.63378831014,0,0,0,0,0,0,0,-0.563367386791,0,0.629863886586,0,-0.63378831014,0,0.634765625},
{0.5,0.406034965679,-0.190369003766,-0.589497579349,-0.356879821203,0.258211542565,0.598712303581,0,0,0,0,0,0,0,-0.559016994375,-0.45396089225,0.212839016614,0.659078329998,0.399003770004,-0.288689280875,-0.669380704887,0,0,0,0,0,0,0,0.5625,0.456789336389,-0.214165129236,-0.663184776768,-0.401489798853,0.290487985386,0.673551341529,0,0,0,0,0,0,0,-0.563367386791,-0.457493715121,0.214495376355,0.664207421596,0.402108904539,-0.290935923948,-0.674589971817},
{0.5,0.718994985006,0.596926817857,0.245114021284,-0.196839187062,-0.571016231049,-0.747702025708,0,0,0,0,0,0,0,-0.559016994375,-0.803860830978,-0.66738447116,-0.274045806915,0.220072901453,0.63841555444,0.835956278198,0,0,0,0,0,0,0,0.5625,0.808869358132,0.671542670089,0.275753273945,-0.221444085445,-0.64239325993,-0.841164778921,0,0,0,0,0,0,0,-0.563367386791,-0.810116651638,-0.672578202963,-0.276178491274,0.221785556866,0.643383843803,0.842461872643},
{0.5,0.866025403784,1.11803398875,1.32287565553,1.5,1.65831239518,1.80277563773,0,0,0,0,0,0,0,-0.559016994375,-0.968245836552,-1.25,-1.47901994577,-1.67705098312,-1.85404962177,-2.01556443707,0,0,0,0,0,0,0,0.5625,0.974278579257,1.25778823734,1.48823511247,1.6875,1.86560144457,2.02812259245,0,0,0,0,0,0,0,-0.563367386791,-0.97578093725,-1.25972777317,-1.49053000221,-1.69010216037,-1.86847824111,-2.03125},
{0.5,-0.866025403784,1.11803398875,-1.32287565553,1.5,-1.65831239518,1.80277563773,0.406034965679,-0.703273190206,0.907921784501,-1.07426754278,1.21810489704,-1.34666563292,1.46397988839,-0.190369003766,0.329728786708,-0.425678033229,0.503669041299,-0.571107011297,0.631382557204,-0.686385204336,-0.589497579349,1.02103975837,-1.31815666,1.55966399343,-1.76849273805,1.95514228552,-2.12546374911,-0.356879821203,0.618133982519,-0.798007540007,0.944215254839,-1.07063946361,1.18363646218,-1.28674849452,0.258211542565,-0.447235510823,0.577378561751,-0.683163527273,0.774634627695,-0.856390803227,0.930994956635,0.598712303581,-1.03700012892,1.33876140977,-1.58404386215,1.79613691074,-1.98570406835,2.15868790981},
{0.5,-0.718994985006,0.596926817857,-0.245114021284,-0.196839187062,0.571016231049,-0.747702025708,0.406034965679,-0.583874208121,0.484746320003,-0.19904972644,-0.159847185126,0.463705111552,-0.607186332693,-0.190369003766,0.273748718016,-0.227272727273,0.0933242240818,0.074944159886,-0.217407582078,0.284678579495,-0.589497579349,0.847691606451,-0.70377382835,0.288988244424,0.232072448588,-0.673225371945,0.881537068459,-0.356879821203,0.513189603389,-0.426062272055,0.174952496181,0.140495867769,-0.407568340881,0.533679530495,0.258211542565,-0.37130560835,0.308266788874,-0.12658253908,-0.101652300257,0.294885963698,-0.386130586874,0.598712303581,-0.860942287473,0.714774860377,-0.293505560647,-0.235700086242,0.683748886147,-0.895316804408},
