#ifndef VH_GH_24x24
#define VH_GH_24x24

double vx[576] = {-6.01592556,-6.01592556,-6.01592556,-6.01592556,-6.01592556,-6.01592556,-6.01592556,-6.01592556,-6.01592556,-6.01592556,-6.01592556,-6.01592556,-6.01592556,-6.01592556,-6.01592556,-6.01592556,-6.01592556,-6.01592556,-6.01592556,-6.01592556,-6.01592556,-6.01592556,-6.01592556,-6.01592556,-5.25938293,-5.25938293,-5.25938293,-5.25938293,-5.25938293,-5.25938293,-5.25938293,-5.25938293,-5.25938293,-5.25938293,-5.25938293,-5.25938293,-5.25938293,-5.25938293,-5.25938293,-5.25938293,-5.25938293,-5.25938293,-5.25938293,-5.25938293,-5.25938293,-5.25938293,-5.25938293,-5.25938293,-4.62566276,-4.62566276,-4.62566276,-4.62566276,-4.62566276,-4.62566276,-4.62566276,-4.62566276,-4.62566276,-4.62566276,-4.62566276,-4.62566276,-4.62566276,-4.62566276,-4.62566276,-4.62566276,-4.62566276,-4.62566276,-4.62566276,-4.62566276,-4.62566276,-4.62566276,-4.62566276,-4.62566276,-4.05366440,-4.05366440,-4.05366440,-4.05366440,-4.05366440,-4.05366440,-4.05366440,-4.05366440,-4.05366440,-4.05366440,-4.05366440,-4.05366440,-4.05366440,-4.05366440,-4.05366440,-4.05366440,-4.05366440,-4.05366440,-4.05366440,-4.05366440,-4.05366440,-4.05366440,-4.05366440,-4.05366440,-3.52000681,-3.52000681,-3.52000681,-3.52000681,-3.52000681,-3.52000681,-3.52000681,-3.52000681,-3.52000681,-3.52000681,-3.52000681,-3.52000681,-3.52000681,-3.52000681,-3.52000681,-3.52000681,-3.52000681,-3.52000681,-3.52000681,-3.52000681,-3.52000681,-3.52000681,-3.52000681,-3.52000681,-3.01254614,-3.01254614,-3.01254614,-3.01254614,-3.01254614,-3.01254614,-3.01254614,-3.01254614,-3.01254614,-3.01254614,-3.01254614,-3.01254614,-3.01254614,-3.01254614,-3.01254614,-3.01254614,-3.01254614,-3.01254614,-3.01254614,-3.01254614,-3.01254614,-3.01254614,-3.01254614,-3.01254614,-2.52388102,-2.52388102,-2.52388102,-2.52388102,-2.52388102,-2.52388102,-2.52388102,-2.52388102,-2.52388102,-2.52388102,-2.52388102,-2.52388102,-2.52388102,-2.52388102,-2.52388102,-2.52388102,-2.52388102,-2.52388102,-2.52388102,-2.52388102,-2.52388102,-2.52388102,-2.52388102,-2.52388102,-2.04900357,-2.04900357,-2.04900357,-2.04900357,-2.04900357,-2.04900357,-2.04900357,-2.04900357,-2.04900357,-2.04900357,-2.04900357,-2.04900357,-2.04900357,-2.04900357,-2.04900357,-2.04900357,-2.04900357,-2.04900357,-2.04900357,-2.04900357,-2.04900357,-2.04900357,-2.04900357,-2.04900357,-1.58425001,-1.58425001,-1.58425001,-1.58425001,-1.58425001,-1.58425001,-1.58425001,-1.58425001,-1.58425001,-1.58425001,-1.58425001,-1.58425001,-1.58425001,-1.58425001,-1.58425001,-1.58425001,-1.58425001,-1.58425001,-1.58425001,-1.58425001,-1.58425001,-1.58425001,-1.58425001,-1.58425001,-1.12676082,-1.12676082,-1.12676082,-1.12676082,-1.12676082,-1.12676082,-1.12676082,-1.12676082,-1.12676082,-1.12676082,-1.12676082,-1.12676082,-1.12676082,-1.12676082,-1.12676082,-1.12676082,-1.12676082,-1.12676082,-1.12676082,-1.12676082,-1.12676082,-1.12676082,-1.12676082,-1.12676082,-0.67417111,-0.67417111,-0.67417111,-0.67417111,-0.67417111,-0.67417111,-0.67417111,-0.67417111,-0.67417111,-0.67417111,-0.67417111,-0.67417111,-0.67417111,-0.67417111,-0.67417111,-0.67417111,-0.67417111,-0.67417111,-0.67417111,-0.67417111,-0.67417111,-0.67417111,-0.67417111,-0.67417111,-0.22441455,-0.22441455,-0.22441455,-0.22441455,-0.22441455,-0.22441455,-0.22441455,-0.22441455,-0.22441455,-0.22441455,-0.22441455,-0.22441455,-0.22441455,-0.22441455,-0.22441455,-0.22441455,-0.22441455,-0.22441455,-0.22441455,-0.22441455,-0.22441455,-0.22441455,-0.22441455,-0.22441455,0.22441455,0.22441455,0.22441455,0.22441455,0.22441455,0.22441455,0.22441455,0.22441455,0.22441455,0.22441455,0.22441455,0.22441455,0.22441455,0.22441455,0.22441455,0.22441455,0.22441455,0.22441455,0.22441455,0.22441455,0.22441455,0.22441455,0.22441455,0.22441455,0.67417111,0.67417111,0.67417111,0.67417111,0.67417111,0.67417111,0.67417111,0.67417111,0.67417111,0.67417111,0.67417111,0.67417111,0.67417111,0.67417111,0.67417111,0.67417111,0.67417111,0.67417111,0.67417111,0.67417111,0.67417111,0.67417111,0.67417111,0.67417111,1.12676082,1.12676082,1.12676082,1.12676082,1.12676082,1.12676082,1.12676082,1.12676082,1.12676082,1.12676082,1.12676082,1.12676082,1.12676082,1.12676082,1.12676082,1.12676082,1.12676082,1.12676082,1.12676082,1.12676082,1.12676082,1.12676082,1.12676082,1.12676082,1.58425001,1.58425001,1.58425001,1.58425001,1.58425001,1.58425001,1.58425001,1.58425001,1.58425001,1.58425001,1.58425001,1.58425001,1.58425001,1.58425001,1.58425001,1.58425001,1.58425001,1.58425001,1.58425001,1.58425001,1.58425001,1.58425001,1.58425001,1.58425001,2.04900357,2.04900357,2.04900357,2.04900357,2.04900357,2.04900357,2.04900357,2.04900357,2.04900357,2.04900357,2.04900357,2.04900357,2.04900357,2.04900357,2.04900357,2.04900357,2.04900357,2.04900357,2.04900357,2.04900357,2.04900357,2.04900357,2.04900357,2.04900357,2.52388102,2.52388102,2.52388102,2.52388102,2.52388102,2.52388102,2.52388102,2.52388102,2.52388102,2.52388102,2.52388102,2.52388102,2.52388102,2.52388102,2.52388102,2.52388102,2.52388102,2.52388102,2.52388102,2.52388102,2.52388102,2.52388102,2.52388102,2.52388102,3.01254614,3.01254614,3.01254614,3.01254614,3.01254614,3.01254614,3.01254614,3.01254614,3.01254614,3.01254614,3.01254614,3.01254614,3.01254614,3.01254614,3.01254614,3.01254614,3.01254614,3.01254614,3.01254614,3.01254614,3.01254614,3.01254614,3.01254614,3.01254614,3.52000681,3.52000681,3.52000681,3.52000681,3.52000681,3.52000681,3.52000681,3.52000681,3.52000681,3.52000681,3.52000681,3.52000681,3.52000681,3.52000681,3.52000681,3.52000681,3.52000681,3.52000681,3.52000681,3.52000681,3.52000681,3.52000681,3.52000681,3.52000681,4.05366440,4.05366440,4.05366440,4.05366440,4.05366440,4.05366440,4.05366440,4.05366440,4.05366440,4.05366440,4.05366440,4.05366440,4.05366440,4.05366440,4.05366440,4.05366440,4.05366440,4.05366440,4.05366440,4.05366440,4.05366440,4.05366440,4.05366440,4.05366440,4.62566276,4.62566276,4.62566276,4.62566276,4.62566276,4.62566276,4.62566276,4.62566276,4.62566276,4.62566276,4.62566276,4.62566276,4.62566276,4.62566276,4.62566276,4.62566276,4.62566276,4.62566276,4.62566276,4.62566276,4.62566276,4.62566276,4.62566276,4.62566276,5.25938293,5.25938293,5.25938293,5.25938293,5.25938293,5.25938293,5.25938293,5.25938293,5.25938293,5.25938293,5.25938293,5.25938293,5.25938293,5.25938293,5.25938293,5.25938293,5.25938293,5.25938293,5.25938293,5.25938293,5.25938293,5.25938293,5.25938293,5.25938293,6.01592556,6.01592556,6.01592556,6.01592556,6.01592556,6.01592556,6.01592556,6.01592556,6.01592556,6.01592556,6.01592556,6.01592556,6.01592556,6.01592556,6.01592556,6.01592556,6.01592556,6.01592556,6.01592556,6.01592556,6.01592556,6.01592556,6.01592556,6.01592556};

double vy[576] = {-6.01592556,-5.25938293,-4.62566276,-4.05366440,-3.52000681,-3.01254614,-2.52388102,-2.04900357,-1.58425001,-1.12676082,-0.67417111,-0.22441455,0.22441455,0.67417111,1.12676082,1.58425001,2.04900357,2.52388102,3.01254614,3.52000681,4.05366440,4.62566276,5.25938293,6.01592556,-6.01592556,-5.25938293,-4.62566276,-4.05366440,-3.52000681,-3.01254614,-2.52388102,-2.04900357,-1.58425001,-1.12676082,-0.67417111,-0.22441455,0.22441455,0.67417111,1.12676082,1.58425001,2.04900357,2.52388102,3.01254614,3.52000681,4.05366440,4.62566276,5.25938293,6.01592556,-6.01592556,-5.25938293,-4.62566276,-4.05366440,-3.52000681,-3.01254614,-2.52388102,-2.04900357,-1.58425001,-1.12676082,-0.67417111,-0.22441455,0.22441455,0.67417111,1.12676082,1.58425001,2.04900357,2.52388102,3.01254614,3.52000681,4.05366440,4.62566276,5.25938293,6.01592556,-6.01592556,-5.25938293,-4.62566276,-4.05366440,-3.52000681,-3.01254614,-2.52388102,-2.04900357,-1.58425001,-1.12676082,-0.67417111,-0.22441455,0.22441455,0.67417111,1.12676082,1.58425001,2.04900357,2.52388102,3.01254614,3.52000681,4.05366440,4.62566276,5.25938293,6.01592556,-6.01592556,-5.25938293,-4.62566276,-4.05366440,-3.52000681,-3.01254614,-2.52388102,-2.04900357,-1.58425001,-1.12676082,-0.67417111,-0.22441455,0.22441455,0.67417111,1.12676082,1.58425001,2.04900357,2.52388102,3.01254614,3.52000681,4.05366440,4.62566276,5.25938293,6.01592556,-6.01592556,-5.25938293,-4.62566276,-4.05366440,-3.52000681,-3.01254614,-2.52388102,-2.04900357,-1.58425001,-1.12676082,-0.67417111,-0.22441455,0.22441455,0.67417111,1.12676082,1.58425001,2.04900357,2.52388102,3.01254614,3.52000681,4.05366440,4.62566276,5.25938293,6.01592556,-6.01592556,-5.25938293,-4.62566276,-4.05366440,-3.52000681,-3.01254614,-2.52388102,-2.04900357,-1.58425001,-1.12676082,-0.67417111,-0.22441455,0.22441455,0.67417111,1.12676082,1.58425001,2.04900357,2.52388102,3.01254614,3.52000681,4.05366440,4.62566276,5.25938293,6.01592556,-6.01592556,-5.25938293,-4.62566276,-4.05366440,-3.52000681,-3.01254614,-2.52388102,-2.04900357,-1.58425001,-1.12676082,-0.67417111,-0.22441455,0.22441455,0.67417111,1.12676082,1.58425001,2.04900357,2.52388102,3.01254614,3.52000681,4.05366440,4.62566276,5.25938293,6.01592556,-6.01592556,-5.25938293,-4.62566276,-4.05366440,-3.52000681,-3.01254614,-2.52388102,-2.04900357,-1.58425001,-1.12676082,-0.67417111,-0.22441455,0.22441455,0.67417111,1.12676082,1.58425001,2.04900357,2.52388102,3.01254614,3.52000681,4.05366440,4.62566276,5.25938293,6.01592556,-6.01592556,-5.25938293,-4.62566276,-4.05366440,-3.52000681,-3.01254614,-2.52388102,-2.04900357,-1.58425001,-1.12676082,-0.67417111,-0.22441455,0.22441455,0.67417111,1.12676082,1.58425001,2.04900357,2.52388102,3.01254614,3.52000681,4.05366440,4.62566276,5.25938293,6.01592556,-6.01592556,-5.25938293,-4.62566276,-4.05366440,-3.52000681,-3.01254614,-2.52388102,-2.04900357,-1.58425001,-1.12676082,-0.67417111,-0.22441455,0.22441455,0.67417111,1.12676082,1.58425001,2.04900357,2.52388102,3.01254614,3.52000681,4.05366440,4.62566276,5.25938293,6.01592556,-6.01592556,-5.25938293,-4.62566276,-4.05366440,-3.52000681,-3.01254614,-2.52388102,-2.04900357,-1.58425001,-1.12676082,-0.67417111,-0.22441455,0.22441455,0.67417111,1.12676082,1.58425001,2.04900357,2.52388102,3.01254614,3.52000681,4.05366440,4.62566276,5.25938293,6.01592556,-6.01592556,-5.25938293,-4.62566276,-4.05366440,-3.52000681,-3.01254614,-2.52388102,-2.04900357,-1.58425001,-1.12676082,-0.67417111,-0.22441455,0.22441455,0.67417111,1.12676082,1.58425001,2.04900357,2.52388102,3.01254614,3.52000681,4.05366440,4.62566276,5.25938293,6.01592556,-6.01592556,-5.25938293,-4.62566276,-4.05366440,-3.52000681,-3.01254614,-2.52388102,-2.04900357,-1.58425001,-1.12676082,-0.67417111,-0.22441455,0.22441455,0.67417111,1.12676082,1.58425001,2.04900357,2.52388102,3.01254614,3.52000681,4.05366440,4.62566276,5.25938293,6.01592556,-6.01592556,-5.25938293,-4.62566276,-4.05366440,-3.52000681,-3.01254614,-2.52388102,-2.04900357,-1.58425001,-1.12676082,-0.67417111,-0.22441455,0.22441455,0.67417111,1.12676082,1.58425001,2.04900357,2.52388102,3.01254614,3.52000681,4.05366440,4.62566276,5.25938293,6.01592556,-6.01592556,-5.25938293,-4.62566276,-4.05366440,-3.52000681,-3.01254614,-2.52388102,-2.04900357,-1.58425001,-1.12676082,-0.67417111,-0.22441455,0.22441455,0.67417111,1.12676082,1.58425001,2.04900357,2.52388102,3.01254614,3.52000681,4.05366440,4.62566276,5.25938293,6.01592556,-6.01592556,-5.25938293,-4.62566276,-4.05366440,-3.52000681,-3.01254614,-2.52388102,-2.04900357,-1.58425001,-1.12676082,-0.67417111,-0.22441455,0.22441455,0.67417111,1.12676082,1.58425001,2.04900357,2.52388102,3.01254614,3.52000681,4.05366440,4.62566276,5.25938293,6.01592556,-6.01592556,-5.25938293,-4.62566276,-4.05366440,-3.52000681,-3.01254614,-2.52388102,-2.04900357,-1.58425001,-1.12676082,-0.67417111,-0.22441455,0.22441455,0.67417111,1.12676082,1.58425001,2.04900357,2.52388102,3.01254614,3.52000681,4.05366440,4.62566276,5.25938293,6.01592556,-6.01592556,-5.25938293,-4.62566276,-4.05366440,-3.52000681,-3.01254614,-2.52388102,-2.04900357,-1.58425001,-1.12676082,-0.67417111,-0.22441455,0.22441455,0.67417111,1.12676082,1.58425001,2.04900357,2.52388102,3.01254614,3.52000681,4.05366440,4.62566276,5.25938293,6.01592556,-6.01592556,-5.25938293,-4.62566276,-4.05366440,-3.52000681,-3.01254614,-2.52388102,-2.04900357,-1.58425001,-1.12676082,-0.67417111,-0.22441455,0.22441455,0.67417111,1.12676082,1.58425001,2.04900357,2.52388102,3.01254614,3.52000681,4.05366440,4.62566276,5.25938293,6.01592556,-6.01592556,-5.25938293,-4.62566276,-4.05366440,-3.52000681,-3.01254614,-2.52388102,-2.04900357,-1.58425001,-1.12676082,-0.67417111,-0.22441455,0.22441455,0.67417111,1.12676082,1.58425001,2.04900357,2.52388102,3.01254614,3.52000681,4.05366440,4.62566276,5.25938293,6.01592556,-6.01592556,-5.25938293,-4.62566276,-4.05366440,-3.52000681,-3.01254614,-2.52388102,-2.04900357,-1.58425001,-1.12676082,-0.67417111,-0.22441455,0.22441455,0.67417111,1.12676082,1.58425001,2.04900357,2.52388102,3.01254614,3.52000681,4.05366440,4.62566276,5.25938293,6.01592556,-6.01592556,-5.25938293,-4.62566276,-4.05366440,-3.52000681,-3.01254614,-2.52388102,-2.04900357,-1.58425001,-1.12676082,-0.67417111,-0.22441455,0.22441455,0.67417111,1.12676082,1.58425001,2.04900357,2.52388102,3.01254614,3.52000681,4.05366440,4.62566276,5.25938293,6.01592556,-6.01592556,-5.25938293,-4.62566276,-4.05366440,-3.52000681,-3.01254614,-2.52388102,-2.04900357,-1.58425001,-1.12676082,-0.67417111,-0.22441455,0.22441455,0.67417111,1.12676082,1.58425001,2.04900357,2.52388102,3.01254614,3.52000681,4.05366440,4.62566276,5.25938293,6.01592556};

double vz[576] = {0.00000000,0.00000000,0.00000000,0.00000000,0.00000000,0.00000000,0.00000000,0.00000000,0.00000000,0.00000000,0.00000000,0.00000000,0.00000000,0.00000000,0.00000000,0.00000000,0.00000000,0.00000000,0.00000000,0.00000000,0.00000000,0.00000000,0.00000000,0.00000000,0.00000000,0.00000000,0.00000000,0.00000000,0.00000000,0.00000000,0.00000000,0.00000000,0.00000000,0.00000000,0.00000000,0.00000000,0.00000000,0.00000000,0.00000000,0.00000000,0.00000000,0.00000000,0.00000000,0.00000000,0.00000000,0.00000000,0.00000000,0.00000000,0.00000000,0.00000000,0.00000000,0.00000000,0.00000000,0.00000000,0.00000000,0.00000000,0.00000000,0.00000000,0.00000000,0.00000000,0.00000000,0.00000000,0.00000000,0.00000000,0.00000000,0.00000000,0.00000000,0.00000000,0.00000000,0.00000000,0.00000000,0.00000000,0.00000000,0.00000000,0.00000000,0.00000000,0.00000000,0.00000000,0.00000000,0.00000000,0.00000000,0.00000000,0.00000000,0.00000000,0.00000000,0.00000000,0.00000000,0.00000000,0.00000000,0.00000000,0.00000000,0.00000000,0.00000000,0.00000000,0.00000000,0.00000000,0.00000000,0.00000000,0.00000000,0.00000000,0.00000000,0.00000000,0.00000000,0.00000000,0.00000000,0.00000000,0.00000000,0.00000000,0.00000000,0.00000000,0.00000000,0.00000000,0.00000000,0.00000000,0.00000000,0.00000000,0.00000000,0.00000000,0.00000000,0.00000000,0.00000000,0.00000000,0.00000000,0.00000000,0.00000000,0.00000000,0.00000000,0.00000000,0.00000000,0.00000000,0.00000000,0.00000000,0.00000000,0.00000000,0.00000000,0.00000000,0.00000000,0.00000000,0.00000000,0.00000000,0.00000000,0.00000000,0.00000000,0.00000000,0.00000000,0.00000000,0.00000000,0.00000000,0.00000000,0.00000000,0.00000000,0.00000000,0.00000000,0.00000000,0.00000000,0.00000000,0.00000000,0.00000000,0.00000000,0.00000000,0.00000000,0.00000000,0.00000000,0.00000000,0.00000000,0.00000000,0.00000000,0.00000000,0.00000000,0.00000000,0.00000000,0.00000000,0.00000000,0.00000000,0.00000000,0.00000000,0.00000000,0.00000000,0.00000000,0.00000000,0.00000000,0.00000000,0.00000000,0.00000000,0.00000000,0.00000000,0.00000000,0.00000000,0.00000000,0.00000000,0.00000000,0.00000000,0.00000000,0.00000000,0.00000000,0.00000000,0.00000000,0.00000000,0.00000000,0.00000000,0.00000000,0.00000000,0.00000000,0.00000000,0.00000000,0.00000000,0.00000000,0.00000000,0.00000000,0.00000000,0.00000000,0.00000000,0.00000000,0.00000000,0.00000000,0.00000000,0.00000000,0.00000000,0.00000000,0.00000000,0.00000000,0.00000000,0.00000000,0.00000000,0.00000000,0.00000000,0.00000000,0.00000000,0.00000000,0.00000000,0.00000000,0.00000000,0.00000000,0.00000000,0.00000000,0.00000000,0.00000000,0.00000000,0.00000000,0.00000000,0.00000000,0.00000000,0.00000000,0.00000000,0.00000000,0.00000000,0.00000000,0.00000000,0.00000000,0.00000000,0.00000000,0.00000000,0.00000000,0.00000000,0.00000000,0.00000000,0.00000000,0.00000000,0.00000000,0.00000000,0.00000000,0.00000000,0.00000000,0.00000000,0.00000000,0.00000000,0.00000000,0.00000000,0.00000000,0.00000000,0.00000000,0.00000000,0.00000000,0.00000000,0.00000000,0.00000000,0.00000000,0.00000000,0.00000000,0.00000000,0.00000000,0.00000000,0.00000000,0.00000000,0.00000000,0.00000000,0.00000000,0.00000000,0.00000000,0.00000000,0.00000000,0.00000000,0.00000000,0.00000000,0.00000000,0.00000000,0.00000000,0.00000000,0.00000000,0.00000000,0.00000000,0.00000000,0.00000000,0.00000000,0.00000000,0.00000000,0.00000000,0.00000000,0.00000000,0.00000000,0.00000000,0.00000000,0.00000000,0.00000000,0.00000000,0.00000000,0.00000000,0.00000000,0.00000000,0.00000000,0.00000000,0.00000000,0.00000000,0.00000000,0.00000000,0.00000000,0.00000000,0.00000000,0.00000000,0.00000000,0.00000000,0.00000000,0.00000000,0.00000000,0.00000000,0.00000000,0.00000000,0.00000000,0.00000000,0.00000000,0.00000000,0.00000000,0.00000000,0.00000000,0.00000000,0.00000000,0.00000000,0.00000000,0.00000000,0.00000000,0.00000000,0.00000000,0.00000000,0.00000000,0.00000000,0.00000000,0.00000000,0.00000000,0.00000000,0.00000000,0.00000000,0.00000000,0.00000000,0.00000000,0.00000000,0.00000000,0.00000000,0.00000000,0.00000000,0.00000000,0.00000000,0.00000000,0.00000000,0.00000000,0.00000000,0.00000000,0.00000000,0.00000000,0.00000000,0.00000000,0.00000000,0.00000000,0.00000000,0.00000000,0.00000000,0.00000000,0.00000000,0.00000000,0.00000000,0.00000000,0.00000000,0.00000000,0.00000000,0.00000000,0.00000000,0.00000000,0.00000000,0.00000000,0.00000000,0.00000000,0.00000000,0.00000000,0.00000000,0.00000000,0.00000000,0.00000000,0.00000000,0.00000000,0.00000000,0.00000000,0.00000000,0.00000000,0.00000000,0.00000000,0.00000000,0.00000000,0.00000000,0.00000000,0.00000000,0.00000000,0.00000000,0.00000000,0.00000000,0.00000000,0.00000000,0.00000000,0.00000000,0.00000000,0.00000000,0.00000000,0.00000000,0.00000000,0.00000000,0.00000000,0.00000000,0.00000000,0.00000000,0.00000000,0.00000000,0.00000000,0.00000000,0.00000000,0.00000000,0.00000000,0.00000000,0.00000000,0.00000000,0.00000000,0.00000000,0.00000000,0.00000000,0.00000000,0.00000000,0.00000000,0.00000000,0.00000000,0.00000000,0.00000000,0.00000000,0.00000000,0.00000000,0.00000000,0.00000000,0.00000000,0.00000000,0.00000000,0.00000000,0.00000000,0.00000000,0.00000000,0.00000000,0.00000000,0.00000000,0.00000000,0.00000000,0.00000000,0.00000000,0.00000000,0.00000000,0.00000000,0.00000000,0.00000000,0.00000000,0.00000000,0.00000000,0.00000000,0.00000000,0.00000000,0.00000000,0.00000000,0.00000000,0.00000000,0.00000000,0.00000000,0.00000000,0.00000000,0.00000000,0.00000000,0.00000000,0.00000000,0.00000000,0.00000000,0.00000000,0.00000000,0.00000000,0.00000000,0.00000000,0.00000000,0.00000000,0.00000000,0.00000000,0.00000000,0.00000000,0.00000000,0.00000000,0.00000000,0.00000000,0.00000000,0.00000000,0.00000000,0.00000000,0.00000000,0.00000000,0.00000000,0.00000000,0.00000000,0.00000000,0.00000000,0.00000000,0.00000000,0.00000000,0.00000000,0.00000000,0.00000000,0.00000000,0.00000000,0.00000000,0.00000000,0.00000000,0.00000000,0.00000000,0.00000000,0.00000000,0.00000000,0.00000000,0.00000000,0.00000000,0.00000000,0.00000000,0.00000000,0.00000000,0.00000000,0.00000000,0.00000000,0.00000000,0.00000000,0.00000000,0.00000000,0.00000000,0.00000000,0.00000000,0.00000000,0.00000000,0.00000000,0.00000000,0.00000000,0.00000000,0.00000000,0.00000000,0.00000000,0.00000000,0.00000000,0.00000000,0.00000000,0.00000000,0.00000000};

double k[1] = {1.00000000};

double w[576] = {0.75494475,0.58959694,0.51905905,0.47806189,0.45098453,0.43189779,0.41799188,0.40775017,0.40028568,0.39505641,0.39172916,0.39011022,0.39011022,0.39172916,0.39505641,0.40028568,0.40775017,0.41799188,0.43189779,0.45098453,0.47806189,0.51905905,0.58959694,0.75494475,0.58959694,0.46046357,0.40537487,0.37335690,0.35221002,0.33730365,0.32644341,0.31844483,0.31261521,0.30853126,0.30593274,0.30466838,0.30466838,0.30593274,0.30853126,0.31261521,0.31844483,0.32644341,0.33730365,0.35221002,0.37335690,0.40537487,0.46046357,0.58959694,0.51905905,0.40537487,0.35687684,0.32868942,0.31007250,0.29694949,0.28738854,0.28034690,0.27521472,0.27161936,0.26933172,0.26821863,0.26821863,0.26933172,0.27161936,0.27521472,0.28034690,0.28738854,0.29694949,0.31007250,0.32868942,0.35687684,0.40537487,0.51905905,0.47806189,0.37335690,0.32868942,0.30272835,0.28558185,0.27349535,0.26468956,0.25820409,0.25347727,0.25016588,0.24805893,0.24703375,0.24703375,0.24805893,0.25016588,0.25347727,0.25820409,0.26468956,0.27349535,0.28558185,0.30272835,0.32868942,0.37335690,0.47806189,0.45098453,0.35221002,0.31007250,0.28558185,0.26940654,0.25800461,0.24969758,0.24357944,0.23912035,0.23599652,0.23400890,0.23304179,0.23304179,0.23400890,0.23599652,0.23912035,0.24357944,0.24969758,0.25800461,0.26940654,0.28558185,0.31007250,0.35221002,0.45098453,0.43189779,0.33730365,0.29694949,0.27349535,0.25800461,0.24708524,0.23912978,0.23327058,0.22900021,0.22600858,0.22410509,0.22317891,0.22317891,0.22410509,0.22600858,0.22900021,0.23327058,0.23912978,0.24708524,0.25800461,0.27349535,0.29694949,0.33730365,0.43189779,0.41799188,0.32644341,0.28738854,0.26468956,0.24969758,0.23912978,0.23143046,0.22575991,0.22162703,0.21873173,0.21688953,0.21599317,0.21599317,0.21688953,0.21873173,0.22162703,0.22575991,0.23143046,0.23912978,0.24969758,0.26468956,0.28738854,0.32644341,0.41799188,0.40775017,0.31844483,0.28034690,0.25820409,0.24357944,0.23327058,0.22575991,0.22022830,0.21619669,0.21337233,0.21157526,0.21070086,0.21070086,0.21157526,0.21337233,0.21619669,0.22022830,0.22575991,0.23327058,0.24357944,0.25820409,0.28034690,0.31844483,0.40775017,0.40028568,0.31261521,0.27521472,0.25347727,0.23912035,0.22900021,0.22162703,0.21619669,0.21223888,0.20946622,0.20770205,0.20684366,0.20684366,0.20770205,0.20946622,0.21223888,0.21619669,0.22162703,0.22900021,0.23912035,0.25347727,0.27521472,0.31261521,0.40028568,0.39505641,0.30853126,0.27161936,0.25016588,0.23599652,0.22600858,0.21873173,0.21337233,0.20946622,0.20672979,0.20498867,0.20414149,0.20414149,0.20498867,0.20672979,0.20946622,0.21337233,0.21873173,0.22600858,0.23599652,0.25016588,0.27161936,0.30853126,0.39505641,0.39172916,0.30593274,0.26933172,0.24805893,0.23400890,0.22410509,0.21688953,0.21157526,0.20770205,0.20498867,0.20326221,0.20242217,0.20242217,0.20326221,0.20498867,0.20770205,0.21157526,0.21688953,0.22410509,0.23400890,0.24805893,0.26933172,0.30593274,0.39172916,0.39011022,0.30466838,0.26821863,0.24703375,0.23304179,0.22317891,0.21599317,0.21070086,0.20684366,0.20414149,0.20242217,0.20158560,0.20158560,0.20242217,0.20414149,0.20684366,0.21070086,0.21599317,0.22317891,0.23304179,0.24703375,0.26821863,0.30466838,0.39011022,0.39011022,0.30466838,0.26821863,0.24703375,0.23304179,0.22317891,0.21599317,0.21070086,0.20684366,0.20414149,0.20242217,0.20158560,0.20158560,0.20242217,0.20414149,0.20684366,0.21070086,0.21599317,0.22317891,0.23304179,0.24703375,0.26821863,0.30466838,0.39011022,0.39172916,0.30593274,0.26933172,0.24805893,0.23400890,0.22410509,0.21688953,0.21157526,0.20770205,0.20498867,0.20326221,0.20242217,0.20242217,0.20326221,0.20498867,0.20770205,0.21157526,0.21688953,0.22410509,0.23400890,0.24805893,0.26933172,0.30593274,0.39172916,0.39505641,0.30853126,0.27161936,0.25016588,0.23599652,0.22600858,0.21873173,0.21337233,0.20946622,0.20672979,0.20498867,0.20414149,0.20414149,0.20498867,0.20672979,0.20946622,0.21337233,0.21873173,0.22600858,0.23599652,0.25016588,0.27161936,0.30853126,0.39505641,0.40028568,0.31261521,0.27521472,0.25347727,0.23912035,0.22900021,0.22162703,0.21619669,0.21223888,0.20946622,0.20770205,0.20684366,0.20684366,0.20770205,0.20946622,0.21223888,0.21619669,0.22162703,0.22900021,0.23912035,0.25347727,0.27521472,0.31261521,0.40028568,0.40775017,0.31844483,0.28034690,0.25820409,0.24357944,0.23327058,0.22575991,0.22022830,0.21619669,0.21337233,0.21157526,0.21070086,0.21070086,0.21157526,0.21337233,0.21619669,0.22022830,0.22575991,0.23327058,0.24357944,0.25820409,0.28034690,0.31844483,0.40775017,0.41799188,0.32644341,0.28738854,0.26468956,0.24969758,0.23912978,0.23143046,0.22575991,0.22162703,0.21873173,0.21688953,0.21599317,0.21599317,0.21688953,0.21873173,0.22162703,0.22575991,0.23143046,0.23912978,0.24969758,0.26468956,0.28738854,0.32644341,0.41799188,0.43189779,0.33730365,0.29694949,0.27349535,0.25800461,0.24708524,0.23912978,0.23327058,0.22900021,0.22600858,0.22410509,0.22317891,0.22317891,0.22410509,0.22600858,0.22900021,0.23327058,0.23912978,0.24708524,0.25800461,0.27349535,0.29694949,0.33730365,0.43189779,0.45098453,0.35221002,0.31007250,0.28558185,0.26940654,0.25800461,0.24969758,0.24357944,0.23912035,0.23599652,0.23400890,0.23304179,0.23304179,0.23400890,0.23599652,0.23912035,0.24357944,0.24969758,0.25800461,0.26940654,0.28558185,0.31007250,0.35221002,0.45098453,0.47806189,0.37335690,0.32868942,0.30272835,0.28558185,0.27349535,0.26468956,0.25820409,0.25347727,0.25016588,0.24805893,0.24703375,0.24703375,0.24805893,0.25016588,0.25347727,0.25820409,0.26468956,0.27349535,0.28558185,0.30272835,0.32868942,0.37335690,0.47806189,0.51905905,0.40537487,0.35687684,0.32868942,0.31007250,0.29694949,0.28738854,0.28034690,0.27521472,0.27161936,0.26933172,0.26821863,0.26821863,0.26933172,0.27161936,0.27521472,0.28034690,0.28738854,0.29694949,0.31007250,0.32868942,0.35687684,0.40537487,0.51905905,0.58959694,0.46046357,0.40537487,0.37335690,0.35221002,0.33730365,0.32644341,0.31844483,0.31261521,0.30853126,0.30593274,0.30466838,0.30466838,0.30593274,0.30853126,0.31261521,0.31844483,0.32644341,0.33730365,0.35221002,0.37335690,0.40537487,0.46046357,0.58959694,0.75494475,0.58959694,0.51905905,0.47806189,0.45098453,0.43189779,0.41799188,0.40775017,0.40028568,0.39505641,0.39172916,0.39011022,0.39011022,0.39172916,0.39505641,0.40028568,0.40775017,0.41799188,0.43189779,0.45098453,0.47806189,0.51905905,0.58959694,0.75494475};

int idv[576] = {1,2,3,4,5,6,7,8,9,10,11,12,13,14,15,16,17,18,19,20,21,22,23,24,25,26,27,28,29,30,31,32,33,34,35,36,37,38,39,40,41,42,43,44,45,46,47,48,49,50,51,52,53,54,55,56,57,58,59,60,61,62,63,64,65,66,67,68,69,70,71,72,73,74,75,76,77,78,79,80,81,82,83,84,85,86,87,88,89,90,91,92,93,94,95,96,97,98,99,100,101,102,103,104,105,106,107,108,109,110,111,112,113,114,115,116,117,118,119,120,121,122,123,124,125,126,127,128,129,130,131,132,133,134,135,136,137,138,139,140,141,142,143,144,145,146,147,148,149,150,151,152,153,154,155,156,157,158,159,160,161,162,163,164,165,166,167,168,169,170,171,172,173,174,175,176,177,178,179,180,181,182,183,184,185,186,187,188,189,190,191,192,193,194,195,196,197,198,199,200,201,202,203,204,205,206,207,208,209,210,211,212,213,214,215,216,217,218,219,220,221,222,223,224,225,226,227,228,229,230,231,232,233,234,235,236,237,238,239,240,241,242,243,244,245,246,247,248,249,250,251,252,253,254,255,256,257,258,259,260,261,262,263,264,265,266,267,268,269,270,271,272,273,274,275,276,277,278,279,280,281,282,283,284,285,286,287,288,289,290,291,292,293,294,295,296,297,298,299,300,301,302,303,304,305,306,307,308,309,310,311,312,313,314,315,316,317,318,319,320,321,322,323,324,325,326,327,328,329,330,331,332,333,334,335,336,337,338,339,340,341,342,343,344,345,346,347,348,349,350,351,352,353,354,355,356,357,358,359,360,361,362,363,364,365,366,367,368,369,370,371,372,373,374,375,376,377,378,379,380,381,382,383,384,385,386,387,388,389,390,391,392,393,394,395,396,397,398,399,400,401,402,403,404,405,406,407,408,409,410,411,412,413,414,415,416,417,418,419,420,421,422,423,424,425,426,427,428,429,430,431,432,433,434,435,436,437,438,439,440,441,442,443,444,445,446,447,448,449,450,451,452,453,454,455,456,457,458,459,460,461,462,463,464,465,466,467,468,469,470,471,472,473,474,475,476,477,478,479,480,481,482,483,484,485,486,487,488,489,490,491,492,493,494,495,496,497,498,499,500,501,502,503,504,505,506,507,508,509,510,511,512,513,514,515,516,517,518,519,520,521,522,523,524,525,526,527,528,529,530,531,532,533,534,535,536,537,538,539,540,541,542,543,544,545,546,547,548,549,550,551,552,553,554,555,556,557,558,559,560,561,562,563,564,565,566,567,568,569,570,571,572,573,574,575,576};

#endif