#ifndef VH_GH_9x9
#define VH_GH_9x9

double vx[81] = {-3.19099320,-3.19099320,-3.19099320,-3.19099320,-3.19099320,-3.19099320,-3.19099320,-3.19099320,-3.19099320,-2.26658058,-2.26658058,-2.26658058,-2.26658058,-2.26658058,-2.26658058,-2.26658058,-2.26658058,-2.26658058,-1.46855329,-1.46855329,-1.46855329,-1.46855329,-1.46855329,-1.46855329,-1.46855329,-1.46855329,-1.46855329,-0.72355102,-0.72355102,-0.72355102,-0.72355102,-0.72355102,-0.72355102,-0.72355102,-0.72355102,-0.72355102,-0.00000000,-0.00000000,-0.00000000,-0.00000000,-0.00000000,-0.00000000,-0.00000000,-0.00000000,-0.00000000,0.72355102,0.72355102,0.72355102,0.72355102,0.72355102,0.72355102,0.72355102,0.72355102,0.72355102,1.46855329,1.46855329,1.46855329,1.46855329,1.46855329,1.46855329,1.46855329,1.46855329,1.46855329,2.26658058,2.26658058,2.26658058,2.26658058,2.26658058,2.26658058,2.26658058,2.26658058,2.26658058,3.19099320,3.19099320,3.19099320,3.19099320,3.19099320,3.19099320,3.19099320,3.19099320,3.19099320};

double vy[81] = {-3.19099320,-2.26658058,-1.46855329,-0.72355102,-0.00000000,0.72355102,1.46855329,2.26658058,3.19099320,-3.19099320,-2.26658058,-1.46855329,-0.72355102,-0.00000000,0.72355102,1.46855329,2.26658058,3.19099320,-3.19099320,-2.26658058,-1.46855329,-0.72355102,-0.00000000,0.72355102,1.46855329,2.26658058,3.19099320,-3.19099320,-2.26658058,-1.46855329,-0.72355102,-0.00000000,0.72355102,1.46855329,2.26658058,3.19099320,-3.19099320,-2.26658058,-1.46855329,-0.72355102,-0.00000000,0.72355102,1.46855329,2.26658058,3.19099320,-3.19099320,-2.26658058,-1.46855329,-0.72355102,-0.00000000,0.72355102,1.46855329,2.26658058,3.19099320,-3.19099320,-2.26658058,-1.46855329,-0.72355102,-0.00000000,0.72355102,1.46855329,2.26658058,3.19099320,-3.19099320,-2.26658058,-1.46855329,-0.72355102,-0.00000000,0.72355102,1.46855329,2.26658058,3.19099320,-3.19099320,-2.26658058,-1.46855329,-0.72355102,-0.00000000,0.72355102,1.46855329,2.26658058,3.19099320};

double vz[81] = {0.00000000,0.00000000,0.00000000,0.00000000,0.00000000,0.00000000,0.00000000,0.00000000,0.00000000,0.00000000,0.00000000,0.00000000,0.00000000,0.00000000,0.00000000,0.00000000,0.00000000,0.00000000,0.00000000,0.00000000,0.00000000,0.00000000,0.00000000,0.00000000,0.00000000,0.00000000,0.00000000,0.00000000,0.00000000,0.00000000,0.00000000,0.00000000,0.00000000,0.00000000,0.00000000,0.00000000,0.00000000,0.00000000,0.00000000,0.00000000,0.00000000,0.00000000,0.00000000,0.00000000,0.00000000,0.00000000,0.00000000,0.00000000,0.00000000,0.00000000,0.00000000,0.00000000,0.00000000,0.00000000,0.00000000,0.00000000,0.00000000,0.00000000,0.00000000,0.00000000,0.00000000,0.00000000,0.00000000,0.00000000,0.00000000,0.00000000,0.00000000,0.00000000,0.00000000,0.00000000,0.00000000,0.00000000,0.00000000,0.00000000,0.00000000,0.00000000,0.00000000,0.00000000,0.00000000,0.00000000,0.00000000};

double k[1] = {1.00000000};

double w[81] = {1.09621650,0.88131809,0.80054745,0.76462928,0.75408885,0.76462928,0.80054745,0.88131809,1.09621650,0.88131809,0.70854761,0.64361095,0.61473406,0.60625994,0.61473406,0.64361095,0.70854761,0.88131809,0.80054745,0.64361095,0.58462558,0.55839519,0.55069770,0.55839519,0.58462558,0.64361095,0.80054745,0.76462928,0.61473406,0.55839519,0.53334167,0.52598954,0.53334167,0.55839519,0.61473406,0.76462928,0.75408885,0.60625994,0.55069770,0.52598954,0.51873877,0.52598954,0.55069770,0.60625994,0.75408885,0.76462928,0.61473406,0.55839519,0.53334167,0.52598954,0.53334167,0.55839519,0.61473406,0.76462928,0.80054745,0.64361095,0.58462558,0.55839519,0.55069770,0.55839519,0.58462558,0.64361095,0.80054745,0.88131809,0.70854761,0.64361095,0.61473406,0.60625994,0.61473406,0.64361095,0.70854761,0.88131809,1.09621650,0.88131809,0.80054745,0.76462928,0.75408885,0.76462928,0.80054745,0.88131809,1.09621650};

int idv[81] = {1,2,3,4,5,6,7,8,9,10,11,12,13,14,15,16,17,18,19,20,21,22,23,24,25,26,27,28,29,30,31,32,33,34,35,36,37,38,39,40,41,42,43,44,45,46,47,48,49,50,51,52,53,54,55,56,57,58,59,60,61,62,63,64,65,66,67,68,69,70,71,72,73,74,75,76,77,78,79,80,81};

#endif