#ifndef NDG_TRI_P3
#define NDG_TRI_P3

int p = 3;

double r[10] = {-1,-0.4472135955,0.4472135955,1,-1,-0.333333333333,0.4472135955,-1,-0.4472135955,-1};

double s[10] = {-1,-1,-1,-1,-0.4472135955,-0.333333333333,-0.4472135955,0.4472135955,0.4472135955,1};

double Dr[10][10] = {{-3,4.04508497187,-1.54508497187,0.5,0,0,0,0,0,0},
{-0.809016994375,0,1.11803398875,-0.309016994375,0,0,0,0,0,0},
{0.309016994375,-1.11803398875,0,0.809016994375,0,0,0,0,0,0},
{-0.5,1.54508497187,-4.04508497187,3,0,0,0,0,0,0},
{-0.709016994375,1.61803398875,-1.30901699437,0.6,-2,2.7,-0.61803398875,-0.190983005625,-0.190983005625,0.1},
{0.333333333333,-0.62112999375,0.62112999375,-0.333333333333,-0.727231663542,0,0.727231663542,-0.106101669792,0.106101669792,0},
{-0.6,1.30901699437,-1.61803398875,0.709016994375,0.61803398875,-2.7,2,0.190983005625,0.190983005625,-0.1},
{0.409016994375,-0.190983005625,-0.61803398875,0.6,-1.30901699437,2.7,-1.30901699437,-2,1.61803398875,0.1},
{-0.6,0.61803398875,0.190983005625,-0.409016994375,1.30901699437,-2.7,1.30901699437,-1.61803398875,2,-0.1},
{-0.5,0,0,0.5,1.54508497187,0,-1.54508497187,-4.04508497187,4.04508497187,0}};

double Ds[10][10] = {{-3,0,0,0,4.04508497187,0,0,-1.54508497187,0,0.5},
{-0.709016994375,-2,-0.190983005625,0.1,1.61803398875,2.7,-0.190983005625,-1.30901699437,-0.61803398875,0.6},
{0.409016994375,-1.30901699437,-2,0.1,-0.190983005625,2.7,1.61803398875,-0.61803398875,-1.30901699437,0.6},
{-0.5,1.54508497187,-4.04508497187,0,0,0,4.04508497187,0,-1.54508497187,0.5},
{-0.809016994375,0,0,0,0,0,0,1.11803398875,0,-0.309016994375},
{0.333333333333,-0.727231663542,-0.106101669792,0,-0.62112999375,0,0.106101669792,0.62112999375,0.727231663542,-0.333333333333},
{-0.6,1.30901699437,-1.61803398875,-0.1,0.61803398875,-2.7,2,0.190983005625,1.30901699437,-0.409016994375},
{0.309016994375,0,0,0,-1.11803398875,0,0,0,0,0.809016994375},
{-0.6,0.61803398875,0.190983005625,-0.1,1.30901699437,-2.7,0.190983005625,-1.61803398875,2,0.709016994375},
{-0.5,0,0,0,1.54508497187,0,0,-4.04508497187,0,3}};

double LIFT[10][12] = {{7,4.04508497187,-1.54508497187,0.5,-0.833333333333,-4.16666666667,-4.16666666667,-0.833333333333,7,4.04508497187,-1.54508497187,0.5},
{0.809016994375,8,1.5,-0.309016994375,0.259115050558,2.26295146067,0.0719684550416,-0.805180584267,-0.292448383892,-2.23863512171,1.07038187267,-0.328152749067},
{-0.309016994375,1.5,8,0.809016994375,-0.292448383892,-2.23863512171,1.07038187267,-0.328152749067,0.259115050558,2.26295146067,0.0719684550416,-0.805180584267},
{0.5,-1.54508497187,4.04508497187,7,7,4.04508497187,-1.54508497187,0.5,-0.833333333333,-4.16666666667,-4.16666666667,-0.833333333333},
{-0.292448383892,-2.23863512171,1.07038187267,-0.328152749067,-0.805180584267,0.0719684550416,2.26295146067,0.259115050558,0.809016994375,8,1.5,-0.309016994375},
{0.0617283950617,-0.987654320988,-0.987654320988,0.0617283950617,0.0617283950617,-0.987654320988,-0.987654320988,0.0617283950617,0.0617283950617,-0.987654320988,-0.987654320988,0.0617283950617},
{-0.328152749067,1.07038187267,-2.23863512171,-0.292448383892,0.809016994375,8,1.5,-0.309016994375,-0.805180584267,0.0719684550416,2.26295146067,0.259115050558},
{0.259115050558,2.26295146067,0.0719684550416,-0.805180584267,-0.328152749067,1.07038187267,-2.23863512171,-0.292448383892,-0.309016994375,1.5,8,0.809016994375},
{-0.805180584267,0.0719684550416,2.26295146067,0.259115050558,-0.309016994375,1.5,8,0.809016994375,-0.328152749067,1.07038187267,-2.23863512171,-0.292448383892},
{-0.833333333333,-4.16666666667,-4.16666666667,-0.833333333333,0.5,-1.54508497187,4.04508497187,7,0.5,-1.54508497187,4.04508497187,7}};

double FaceMask[4][3] = {{0,3,0},
{1,6,4},
{2,8,7},
{3,9,9}};

double V[10][10] = {{0.707106781187,-1,1.22474487139,-1.41421356237,-1.73205080757,2.12132034356,-2.44948974278,2.73861278753,-3.16227766017,-3.74165738677},
{0.707106781187,-1,1.22474487139,-1.41421356237,-0.774596669241,0.948683298051,-1.09544511501,-0.547722557505,0.632455532034,1.67332005307},
{0.707106781187,-1,1.22474487139,-1.41421356237,0.774596669241,-0.948683298051,1.09544511501,-0.547722557505,0.632455532034,-1.67332005307},
{0.707106781187,-1,1.22474487139,-1.41421356237,1.73205080757,-2.12132034356,2.44948974278,2.73861278753,-3.16227766017,3.74165738677},
{0.707106781187,-0.17082039325,-0.547722557505,0.632455532034,-1.25332373841,-0.586318522755,1.26281423546,1.43395627195,1.54775377654,-1.41765949858},
{0.707106781187,0,-0.68041381744,0.419026240703,0,0,0,-0.60858061945,-0.936971158568,0},
{0.707106781187,-0.17082039325,-0.547722557505,0.632455532034,1.25332373841,0.586318522755,-1.26281423546,1.43395627195,1.54775377654,1.41765949858},
{0.707106781187,1.17082039325,0.547722557505,-0.632455532034,-0.478727069164,-1.53500182081,-2.24261013257,0.209211400562,0.982068351593,-0.0790034561275},
{0.707106781187,1.17082039325,0.547722557505,-0.632455532034,0.478727069164,1.53500182081,2.24261013257,0.209211400562,0.982068351593,0.0790034561275},
{0.707106781187,2,3.67423461417,5.65685424949,0,0,0,0,0,0}};

#endif