#ifndef NDG_QUAD_P3
#define NDG_QUAD_P3

int p = 3;

double r[16] = {-1,-1,-1,-1,-0.4472135955,-0.4472135955,-0.4472135955,-0.4472135955,0.4472135955,0.4472135955,0.4472135955,0.4472135955,1,1,1,1};

double s[16] = {-1,-0.4472135955,0.4472135955,1,-1,-0.4472135955,0.4472135955,1,-1,-0.4472135955,0.4472135955,1,-1,-0.4472135955,0.4472135955,1};

double Dr[16][16] = {{-3,0,0,0,4.04508497187,0,0,0,-1.54508497187,0,0,0,0.5,0,0,0},
{0,-3,0,0,0,4.04508497187,0,0,0,-1.54508497187,0,0,0,0.5,0,0},
{0,0,-3,0,0,0,4.04508497187,0,0,0,-1.54508497187,0,0,0,0.5,0},
{0,0,0,-3,0,0,0,4.04508497187,0,0,0,-1.54508497187,0,0,0,0.5},
{-0.809016994375,0,0,0,0,0,0,0,1.11803398875,0,0,0,-0.309016994375,0,0,0},
{0,-0.809016994375,0,0,0,0,0,0,0,1.11803398875,0,0,0,-0.309016994375,0,0},
{0,0,-0.809016994375,0,0,0,0,0,0,0,1.11803398875,0,0,0,-0.309016994375,0},
{0,0,0,-0.809016994375,0,0,0,0,0,0,0,1.11803398875,0,0,0,-0.309016994375},
{0.309016994375,0,0,0,-1.11803398875,0,0,0,0,0,0,0,0.809016994375,0,0,0},
{0,0.309016994375,0,0,0,-1.11803398875,0,0,0,0,0,0,0,0.809016994375,0,0},
{0,0,0.309016994375,0,0,0,-1.11803398875,0,0,0,0,0,0,0,0.809016994375,0},
{0,0,0,0.309016994375,0,0,0,-1.11803398875,0,0,0,0,0,0,0,0.809016994375},
{-0.5,0,0,0,1.54508497187,0,0,0,-4.04508497187,0,0,0,3,0,0,0},
{0,-0.5,0,0,0,1.54508497187,0,0,0,-4.04508497187,0,0,0,3,0,0},
{0,0,-0.5,0,0,0,1.54508497187,0,0,0,-4.04508497187,0,0,0,3,0},
{0,0,0,-0.5,0,0,0,1.54508497187,0,0,0,-4.04508497187,0,0,0,3}};

double Ds[16][16] = {{-3,4.04508497187,-1.54508497187,0.5,0,0,0,0,0,0,0,0,0,0,0,0},
{-0.809016994375,0,1.11803398875,-0.309016994375,0,0,0,0,0,0,0,0,0,0,0,0},
{0.309016994375,-1.11803398875,0,0.809016994375,0,0,0,0,0,0,0,0,0,0,0,0},
{-0.5,1.54508497187,-4.04508497187,3,0,0,0,0,0,0,0,0,0,0,0,0},
{0,0,0,0,-3,4.04508497187,-1.54508497187,0.5,0,0,0,0,0,0,0,0},
{0,0,0,0,-0.809016994375,0,1.11803398875,-0.309016994375,0,0,0,0,0,0,0,0},
{0,0,0,0,0.309016994375,-1.11803398875,0,0.809016994375,0,0,0,0,0,0,0,0},
{0,0,0,0,-0.5,1.54508497187,-4.04508497187,3,0,0,0,0,0,0,0,0},
{0,0,0,0,0,0,0,0,-3,4.04508497187,-1.54508497187,0.5,0,0,0,0},
{0,0,0,0,0,0,0,0,-0.809016994375,0,1.11803398875,-0.309016994375,0,0,0,0},
{0,0,0,0,0,0,0,0,0.309016994375,-1.11803398875,0,0.809016994375,0,0,0,0},
{0,0,0,0,0,0,0,0,-0.5,1.54508497187,-4.04508497187,3,0,0,0,0},
{0,0,0,0,0,0,0,0,0,0,0,0,-3,4.04508497187,-1.54508497187,0.5},
{0,0,0,0,0,0,0,0,0,0,0,0,-0.809016994375,0,1.11803398875,-0.309016994375},
{0,0,0,0,0,0,0,0,0,0,0,0,0.309016994375,-1.11803398875,0,0.809016994375},
{0,0,0,0,0,0,0,0,0,0,0,0,-0.5,1.54508497187,-4.04508497187,3}};

double LIFT[16][16] = {{18.6666666667,-15.6109385767,2.27760524333,-1.33333333333,-4.66666666667,3.90273464417,-0.569401310833,0.333333333333,-4.66666666667,3.90273464417,-0.569401310833,0.333333333333,18.6666666667,-15.6109385767,2.27760524333,-1.33333333333},
{-2.086996779,1.7453559925,-0.2546440075,0.1490711985,0.780546928833,-3.33333333333,1.66666666667,-0.113880262167,2.086996779,-1.7453559925,0.2546440075,-0.1490711985,-3.12218771533,13.3333333333,-6.66666666667,0.455521048667},
{2.086996779,-1.7453559925,0.2546440075,-0.1490711985,-0.113880262167,1.66666666667,-3.33333333333,0.780546928833,-2.086996779,1.7453559925,-0.2546440075,0.1490711985,0.455521048667,-6.66666666667,13.3333333333,-3.12218771533},
{-4.66666666667,3.90273464417,-0.569401310833,0.333333333333,0.333333333333,-0.569401310833,3.90273464417,-4.66666666667,18.6666666667,-15.6109385767,2.27760524333,-1.33333333333,-1.33333333333,2.27760524333,-15.6109385767,18.6666666667},
{-3.12218771533,13.3333333333,-6.66666666667,0.455521048667,2.086996779,-1.7453559925,0.2546440075,-0.1490711985,0.780546928833,-3.33333333333,1.66666666667,-0.113880262167,-2.086996779,1.7453559925,-0.2546440075,0.1490711985},
{0.3490711985,-1.490711985,0.7453559925,-0.0509288015,-0.3490711985,1.490711985,-0.7453559925,0.0509288015,-0.3490711985,1.490711985,-0.7453559925,0.0509288015,0.3490711985,-1.490711985,0.7453559925,-0.0509288015},
{-0.3490711985,1.490711985,-0.7453559925,0.0509288015,0.0509288015,-0.7453559925,1.490711985,-0.3490711985,0.3490711985,-1.490711985,0.7453559925,-0.0509288015,-0.0509288015,0.7453559925,-1.490711985,0.3490711985},
{0.780546928833,-3.33333333333,1.66666666667,-0.113880262167,-0.1490711985,0.2546440075,-1.7453559925,2.086996779,-3.12218771533,13.3333333333,-6.66666666667,0.455521048667,0.1490711985,-0.2546440075,1.7453559925,-2.086996779},
{0.455521048667,-6.66666666667,13.3333333333,-3.12218771533,-2.086996779,1.7453559925,-0.2546440075,0.1490711985,-0.113880262167,1.66666666667,-3.33333333333,0.780546928833,2.086996779,-1.7453559925,0.2546440075,-0.1490711985},
{-0.0509288015,0.7453559925,-1.490711985,0.3490711985,0.3490711985,-1.490711985,0.7453559925,-0.0509288015,0.0509288015,-0.7453559925,1.490711985,-0.3490711985,-0.3490711985,1.490711985,-0.7453559925,0.0509288015},
{0.0509288015,-0.7453559925,1.490711985,-0.3490711985,-0.0509288015,0.7453559925,-1.490711985,0.3490711985,-0.0509288015,0.7453559925,-1.490711985,0.3490711985,0.0509288015,-0.7453559925,1.490711985,-0.3490711985},
{-0.113880262167,1.66666666667,-3.33333333333,0.780546928833,0.1490711985,-0.2546440075,1.7453559925,-2.086996779,0.455521048667,-6.66666666667,13.3333333333,-3.12218771533,-0.1490711985,0.2546440075,-1.7453559925,2.086996779},
{-1.33333333333,2.27760524333,-15.6109385767,18.6666666667,18.6666666667,-15.6109385767,2.27760524333,-1.33333333333,0.333333333333,-0.569401310833,3.90273464417,-4.66666666667,-4.66666666667,3.90273464417,-0.569401310833,0.333333333333},
{0.1490711985,-0.2546440075,1.7453559925,-2.086996779,-3.12218771533,13.3333333333,-6.66666666667,0.455521048667,-0.1490711985,0.2546440075,-1.7453559925,2.086996779,0.780546928833,-3.33333333333,1.66666666667,-0.113880262167},
{-0.1490711985,0.2546440075,-1.7453559925,2.086996779,0.455521048667,-6.66666666667,13.3333333333,-3.12218771533,0.1490711985,-0.2546440075,1.7453559925,-2.086996779,-0.113880262167,1.66666666667,-3.33333333333,0.780546928833},
{0.333333333333,-0.569401310833,3.90273464417,-4.66666666667,-1.33333333333,2.27760524333,-15.6109385767,18.6666666667,-1.33333333333,2.27760524333,-15.6109385767,18.6666666667,0.333333333333,-0.569401310833,3.90273464417,-4.66666666667}};

double FaceMask[4][4] = {{0,12,3,0},
{4,13,7,1},
{8,14,11,2},
{12,15,15,3}};

double V[16][16] = {{0.5,-0.866025403784,1.11803398875,-1.32287565553,-0.866025403784,1.5,-1.9364916731,2.29128784748,1.11803398875,-1.9364916731,2.5,-2.95803989155,-1.32287565553,2.29128784748,-2.95803989155,3.5},
{0.5,-0.387298334621,-0.22360679775,0.59160797831,-0.866025403784,0.67082039325,0.387298334621,-1.0246950766,1.11803398875,-0.866025403784,-0.5,1.32287565553,-1.32287565553,1.0246950766,0.59160797831,-1.56524758425},
{0.5,0.387298334621,-0.22360679775,-0.59160797831,-0.866025403784,-0.67082039325,0.387298334621,1.0246950766,1.11803398875,0.866025403784,-0.5,-1.32287565553,-1.32287565553,-1.0246950766,0.59160797831,1.56524758425},
{0.5,0.866025403784,1.11803398875,1.32287565553,-0.866025403784,-1.5,-1.9364916731,-2.29128784748,1.11803398875,1.9364916731,2.5,2.95803989155,-1.32287565553,-2.29128784748,-2.95803989155,-3.5},
{0.5,-0.866025403784,1.11803398875,-1.32287565553,-0.387298334621,0.67082039325,-0.866025403784,1.0246950766,-0.22360679775,0.387298334621,-0.5,0.59160797831,0.59160797831,-1.0246950766,1.32287565553,-1.56524758425},
{0.5,-0.387298334621,-0.22360679775,0.59160797831,-0.387298334621,0.3,0.173205080757,-0.458257569496,-0.22360679775,0.173205080757,0.1,-0.264575131106,0.59160797831,-0.458257569496,-0.264575131106,0.7},
{0.5,0.387298334621,-0.22360679775,-0.59160797831,-0.387298334621,-0.3,0.173205080757,0.458257569496,-0.22360679775,-0.173205080757,0.1,0.264575131106,0.59160797831,0.458257569496,-0.264575131106,-0.7},
{0.5,0.866025403784,1.11803398875,1.32287565553,-0.387298334621,-0.67082039325,-0.866025403784,-1.0246950766,-0.22360679775,-0.387298334621,-0.5,-0.59160797831,0.59160797831,1.0246950766,1.32287565553,1.56524758425},
{0.5,-0.866025403784,1.11803398875,-1.32287565553,0.387298334621,-0.67082039325,0.866025403784,-1.0246950766,-0.22360679775,0.387298334621,-0.5,0.59160797831,-0.59160797831,1.0246950766,-1.32287565553,1.56524758425},
{0.5,-0.387298334621,-0.22360679775,0.59160797831,0.387298334621,-0.3,-0.173205080757,0.458257569496,-0.22360679775,0.173205080757,0.1,-0.264575131106,-0.59160797831,0.458257569496,0.264575131106,-0.7},
{0.5,0.387298334621,-0.22360679775,-0.59160797831,0.387298334621,0.3,-0.173205080757,-0.458257569496,-0.22360679775,-0.173205080757,0.1,0.264575131106,-0.59160797831,-0.458257569496,0.264575131106,0.7},
{0.5,0.866025403784,1.11803398875,1.32287565553,0.387298334621,0.67082039325,0.866025403784,1.0246950766,-0.22360679775,-0.387298334621,-0.5,-0.59160797831,-0.59160797831,-1.0246950766,-1.32287565553,-1.56524758425},
{0.5,-0.866025403784,1.11803398875,-1.32287565553,0.866025403784,-1.5,1.9364916731,-2.29128784748,1.11803398875,-1.9364916731,2.5,-2.95803989155,1.32287565553,-2.29128784748,2.95803989155,-3.5},
{0.5,-0.387298334621,-0.22360679775,0.59160797831,0.866025403784,-0.67082039325,-0.387298334621,1.0246950766,1.11803398875,-0.866025403784,-0.5,1.32287565553,1.32287565553,-1.0246950766,-0.59160797831,1.56524758425},
{0.5,0.387298334621,-0.22360679775,-0.59160797831,0.866025403784,0.67082039325,-0.387298334621,-1.0246950766,1.11803398875,0.866025403784,-0.5,-1.32287565553,1.32287565553,1.0246950766,-0.59160797831,-1.56524758425},
{0.5,0.866025403784,1.11803398875,1.32287565553,0.866025403784,1.5,1.9364916731,2.29128784748,1.11803398875,1.9364916731,2.5,2.95803989155,1.32287565553,2.29128784748,2.95803989155,3.5}};

#endif