#ifndef ESFR_QUAD_P4
#define ESFR_QUAD_P4

int p = 4;

double r[25] = {-1,-1,-1,-1,-1,-0.654653670708,-0.654653670708,-0.654653670708,-0.654653670708,-0.654653670708,0,0,0,0,0,0.654653670708,0.654653670708,0.654653670708,0.654653670708,0.654653670708,1,1,1,1,1};

double s[25] = {-1,-0.654653670708,0,0.654653670708,1,-1,-0.654653670708,0,0.654653670708,1,-1,-0.654653670708,0,0.654653670708,1,-1,-0.654653670708,0,0.654653670708,1,-1,-0.654653670708,0,0.654653670708,1};

double Dr[25][25] = {{-5,0,0,0,0,6.75650248872,0,0,0,0,-2.66666666667,0,0,0,0,1.41016417794,0,0,0,0,-0.5,0,0,0,0},
{0,-5,0,0,0,0,6.75650248872,0,0,0,0,-2.66666666667,0,0,0,0,1.41016417794,0,0,0,0,-0.5,0,0,0},
{0,0,-5,0,0,0,0,6.75650248872,0,0,0,0,-2.66666666667,0,0,0,0,1.41016417794,0,0,0,0,-0.5,0,0},
{0,0,0,-5,0,0,0,0,6.75650248872,0,0,0,0,-2.66666666667,0,0,0,0,1.41016417794,0,0,0,0,-0.5,0},
{0,0,0,0,-5,0,0,0,0,6.75650248872,0,0,0,0,-2.66666666667,0,0,0,0,1.41016417794,0,0,0,0,-0.5},
{-1.24099025303,0,0,0,0,0,0,0,0,0,1.74574312189,0,0,0,0,-0.763762615826,0,0,0,0,0.259009746969,0,0,0,0},
{0,-1.24099025303,0,0,0,0,0,0,0,0,0,1.74574312189,0,0,0,0,-0.763762615826,0,0,0,0,0.259009746969,0,0,0},
{0,0,-1.24099025303,0,0,0,0,0,0,0,0,0,1.74574312189,0,0,0,0,-0.763762615826,0,0,0,0,0.259009746969,0,0},
{0,0,0,-1.24099025303,0,0,0,0,0,0,0,0,0,1.74574312189,0,0,0,0,-0.763762615826,0,0,0,0,0.259009746969,0},
{0,0,0,0,-1.24099025303,0,0,0,0,0,0,0,0,0,1.74574312189,0,0,0,0,-0.763762615826,0,0,0,0,0.259009746969},
{0.375,0,0,0,0,-1.3365845777,0,0,0,0,0,0,0,0,0,1.3365845777,0,0,0,0,-0.375,0,0,0,0},
{0,0.375,0,0,0,0,-1.3365845777,0,0,0,0,0,0,0,0,0,1.3365845777,0,0,0,0,-0.375,0,0,0},
{0,0,0.375,0,0,0,0,-1.3365845777,0,0,0,0,0,0,0,0,0,1.3365845777,0,0,0,0,-0.375,0,0},
{0,0,0,0.375,0,0,0,0,-1.3365845777,0,0,0,0,0,0,0,0,0,1.3365845777,0,0,0,0,-0.375,0},
{0,0,0,0,0.375,0,0,0,0,-1.3365845777,0,0,0,0,0,0,0,0,0,1.3365845777,0,0,0,0,-0.375},
{-0.259009746969,0,0,0,0,0.763762615826,0,0,0,0,-1.74574312189,0,0,0,0,0,0,0,0,0,1.24099025303,0,0,0,0},
{0,-0.259009746969,0,0,0,0,0.763762615826,0,0,0,0,-1.74574312189,0,0,0,0,0,0,0,0,0,1.24099025303,0,0,0},
{0,0,-0.259009746969,0,0,0,0,0.763762615826,0,0,0,0,-1.74574312189,0,0,0,0,0,0,0,0,0,1.24099025303,0,0},
{0,0,0,-0.259009746969,0,0,0,0,0.763762615826,0,0,0,0,-1.74574312189,0,0,0,0,0,0,0,0,0,1.24099025303,0},
{0,0,0,0,-0.259009746969,0,0,0,0,0.763762615826,0,0,0,0,-1.74574312189,0,0,0,0,0,0,0,0,0,1.24099025303},
{0.5,0,0,0,0,-1.41016417794,0,0,0,0,2.66666666667,0,0,0,0,-6.75650248872,0,0,0,0,5,0,0,0,0},
{0,0.5,0,0,0,0,-1.41016417794,0,0,0,0,2.66666666667,0,0,0,0,-6.75650248872,0,0,0,0,5,0,0,0},
{0,0,0.5,0,0,0,0,-1.41016417794,0,0,0,0,2.66666666667,0,0,0,0,-6.75650248872,0,0,0,0,5,0,0},
{0,0,0,0.5,0,0,0,0,-1.41016417794,0,0,0,0,2.66666666667,0,0,0,0,-6.75650248872,0,0,0,0,5,0},
{0,0,0,0,0.5,0,0,0,0,-1.41016417794,0,0,0,0,2.66666666667,0,0,0,0,-6.75650248872,0,0,0,0,5}};

double Ds[25][25] = {{-5,6.75650248872,-2.66666666667,1.41016417794,-0.5,0,0,0,0,0,0,0,0,0,0,0,0,0,0,0,0,0,0,0,0},
{-1.24099025303,0,1.74574312189,-0.763762615826,0.259009746969,0,0,0,0,0,0,0,0,0,0,0,0,0,0,0,0,0,0,0,0},
{0.375,-1.3365845777,0,1.3365845777,-0.375,0,0,0,0,0,0,0,0,0,0,0,0,0,0,0,0,0,0,0,0},
{-0.259009746969,0.763762615826,-1.74574312189,0,1.24099025303,0,0,0,0,0,0,0,0,0,0,0,0,0,0,0,0,0,0,0,0},
{0.5,-1.41016417794,2.66666666667,-6.75650248872,5,0,0,0,0,0,0,0,0,0,0,0,0,0,0,0,0,0,0,0,0},
{0,0,0,0,0,-5,6.75650248872,-2.66666666667,1.41016417794,-0.5,0,0,0,0,0,0,0,0,0,0,0,0,0,0,0},
{0,0,0,0,0,-1.24099025303,0,1.74574312189,-0.763762615826,0.259009746969,0,0,0,0,0,0,0,0,0,0,0,0,0,0,0},
{0,0,0,0,0,0.375,-1.3365845777,0,1.3365845777,-0.375,0,0,0,0,0,0,0,0,0,0,0,0,0,0,0},
{0,0,0,0,0,-0.259009746969,0.763762615826,-1.74574312189,0,1.24099025303,0,0,0,0,0,0,0,0,0,0,0,0,0,0,0},
{0,0,0,0,0,0.5,-1.41016417794,2.66666666667,-6.75650248872,5,0,0,0,0,0,0,0,0,0,0,0,0,0,0,0},
{0,0,0,0,0,0,0,0,0,0,-5,6.75650248872,-2.66666666667,1.41016417794,-0.5,0,0,0,0,0,0,0,0,0,0},
{0,0,0,0,0,0,0,0,0,0,-1.24099025303,0,1.74574312189,-0.763762615826,0.259009746969,0,0,0,0,0,0,0,0,0,0},
{0,0,0,0,0,0,0,0,0,0,0.375,-1.3365845777,0,1.3365845777,-0.375,0,0,0,0,0,0,0,0,0,0},
{0,0,0,0,0,0,0,0,0,0,-0.259009746969,0.763762615826,-1.74574312189,0,1.24099025303,0,0,0,0,0,0,0,0,0,0},
{0,0,0,0,0,0,0,0,0,0,0.5,-1.41016417794,2.66666666667,-6.75650248872,5,0,0,0,0,0,0,0,0,0,0},
{0,0,0,0,0,0,0,0,0,0,0,0,0,0,0,-5,6.75650248872,-2.66666666667,1.41016417794,-0.5,0,0,0,0,0},
{0,0,0,0,0,0,0,0,0,0,0,0,0,0,0,-1.24099025303,0,1.74574312189,-0.763762615826,0.259009746969,0,0,0,0,0},
{0,0,0,0,0,0,0,0,0,0,0,0,0,0,0,0.375,-1.3365845777,0,1.3365845777,-0.375,0,0,0,0,0},
{0,0,0,0,0,0,0,0,0,0,0,0,0,0,0,-0.259009746969,0.763762615826,-1.74574312189,0,1.24099025303,0,0,0,0,0},
{0,0,0,0,0,0,0,0,0,0,0,0,0,0,0,0.5,-1.41016417794,2.66666666667,-6.75650248872,5,0,0,0,0,0},
{0,0,0,0,0,0,0,0,0,0,0,0,0,0,0,0,0,0,0,0,-5,6.75650248872,-2.66666666667,1.41016417794,-0.5},
{0,0,0,0,0,0,0,0,0,0,0,0,0,0,0,0,0,0,0,0,-1.24099025303,0,1.74574312189,-0.763762615826,0.259009746969},
{0,0,0,0,0,0,0,0,0,0,0,0,0,0,0,0,0,0,0,0,0.375,-1.3365845777,0,1.3365845777,-0.375},
{0,0,0,0,0,0,0,0,0,0,0,0,0,0,0,0,0,0,0,0,-0.259009746969,0.763762615826,-1.74574312189,0,1.24099025303},
{0,0,0,0,0,0,0,0,0,0,0,0,0,0,0,0,0,0,0,0,0.5,-1.41016417794,2.66666666667,-6.75650248872,5}};

double LIFT[25][20] = {{10,0,0,0,0,0,0,0,0,0,0,0,0,0,0,10,0,0,0,0},
{0,0,0,0,0,0,0,0,0,0,0,0,0,0,0,0,10,0,0,0},
{0,0,0,0,0,0,0,0,0,0,0,0,0,0,0,0,0,10,0,0},
{0,0,0,0,0,0,0,0,0,0,0,0,0,0,0,0,0,0,10,0},
{0,0,0,0,0,0,0,0,0,0,10,0,0,0,0,0,0,0,0,10},
{0,10,0,0,0,0,0,0,0,0,0,0,0,0,0,0,0,0,0,0},
{0,0,0,0,0,0,0,0,0,0,0,0,0,0,0,0,0,0,0,0},
{0,0,0,0,0,0,0,0,0,0,0,0,0,0,0,0,0,0,0,0},
{0,0,0,0,0,0,0,0,0,0,0,0,0,0,0,0,0,0,0,0},
{0,0,0,0,0,0,0,0,0,0,0,10,0,0,0,0,0,0,0,0},
{0,0,10,0,0,0,0,0,0,0,0,0,0,0,0,0,0,0,0,0},
{0,0,0,0,0,0,0,0,0,0,0,0,0,0,0,0,0,0,0,0},
{0,0,0,0,0,0,0,0,0,0,0,0,0,0,0,0,0,0,0,0},
{0,0,0,0,0,0,0,0,0,0,0,0,0,0,0,0,0,0,0,0},
{0,0,0,0,0,0,0,0,0,0,0,0,10,0,0,0,0,0,0,0},
{0,0,0,10,0,0,0,0,0,0,0,0,0,0,0,0,0,0,0,0},
{0,0,0,0,0,0,0,0,0,0,0,0,0,0,0,0,0,0,0,0},
{0,0,0,0,0,0,0,0,0,0,0,0,0,0,0,0,0,0,0,0},
{0,0,0,0,0,0,0,0,0,0,0,0,0,0,0,0,0,0,0,0},
{0,0,0,0,0,0,0,0,0,0,0,0,0,10,0,0,0,0,0,0},
{0,0,0,0,10,10,0,0,0,0,0,0,0,0,0,0,0,0,0,0},
{0,0,0,0,0,0,10,0,0,0,0,0,0,0,0,0,0,0,0,0},
{0,0,0,0,0,0,0,10,0,0,0,0,0,0,0,0,0,0,0,0},
{0,0,0,0,0,0,0,0,10,0,0,0,0,0,0,0,0,0,0,0},
{0,0,0,0,0,0,0,0,0,10,0,0,0,0,10,0,0,0,0,0}};

double FaceMask[5][4] = {{0,20,4,0},
{5,21,9,1},
{10,22,14,2},
{15,23,19,3},
{20,24,24,4}};

double V[25][25] = {{0.5,-0.866025403784,1.11803398875,-1.32287565553,1.5,-0.866025403784,1.5,-1.9364916731,2.29128784748,-2.59807621135,1.11803398875,-1.9364916731,2.5,-2.95803989155,3.35410196625,-1.32287565553,2.29128784748,-2.95803989155,3.5,-3.9686269666,1.5,-2.59807621135,3.35410196625,-3.9686269666,4.5},
{0.5,-0.566946709514,0.15971914125,0.371153744479,-0.642857142857,-0.866025403784,0.981980506062,-0.276641667586,-0.642857142857,1.11346123344,1.11803398875,-1.26773138209,0.357142857143,0.829925002759,-1.43747227125,-1.32287565553,1.5,-0.422577127364,-0.981980506062,1.70084012854,1.5,-1.70084012854,0.47915742375,1.11346123344,-1.92857142857},
{0.5,0,-0.559016994375,0,0.5625,-0.866025403784,0,0.968245836552,0,-0.974278579257,1.11803398875,0,-1.25,0,1.25778823734,-1.32287565553,0,1.47901994577,0,-1.48823511247,1.5,0,-1.67705098312,0,1.6875},
{0.5,0.566946709514,0.15971914125,-0.371153744479,-0.642857142857,-0.866025403784,-0.981980506062,-0.276641667586,0.642857142857,1.11346123344,1.11803398875,1.26773138209,0.357142857143,-0.829925002759,-1.43747227125,-1.32287565553,-1.5,-0.422577127364,0.981980506062,1.70084012854,1.5,1.70084012854,0.47915742375,-1.11346123344,-1.92857142857},
{0.5,0.866025403784,1.11803398875,1.32287565553,1.5,-0.866025403784,-1.5,-1.9364916731,-2.29128784748,-2.59807621135,1.11803398875,1.9364916731,2.5,2.95803989155,3.35410196625,-1.32287565553,-2.29128784748,-2.95803989155,-3.5,-3.9686269666,1.5,2.59807621135,3.35410196625,3.9686269666,4.5},
{0.5,-0.866025403784,1.11803398875,-1.32287565553,1.5,-0.566946709514,0.981980506062,-1.26773138209,1.5,-1.70084012854,0.15971914125,-0.276641667586,0.357142857143,-0.422577127364,0.47915742375,0.371153744479,-0.642857142857,0.829925002759,-0.981980506062,1.11346123344,-0.642857142857,1.11346123344,-1.43747227125,1.70084012854,-1.92857142857},
{0.5,-0.566946709514,0.15971914125,0.371153744479,-0.642857142857,-0.566946709514,0.642857142857,-0.181104483156,-0.420848788312,0.728931483661,0.15971914125,-0.181104483156,0.0510204081633,0.11856071468,-0.205353181607,0.371153744479,-0.420848788312,0.11856071468,0.275510204082,-0.477197671473,-0.642857142857,0.728931483661,-0.205353181607,-0.477197671473,0.826530612245},
{0.5,0,-0.559016994375,0,0.5625,-0.566946709514,0,0.633865691046,0,-0.637815048203,0.15971914125,0,-0.178571428571,0,0.179684033906,0.371153744479,0,-0.414962501379,0,0.417547962539,-0.642857142857,0,0.718736135625,0,-0.723214285714},
{0.5,0.566946709514,0.15971914125,-0.371153744479,-0.642857142857,-0.566946709514,-0.642857142857,-0.181104483156,0.420848788312,0.728931483661,0.15971914125,0.181104483156,0.0510204081633,-0.11856071468,-0.205353181607,0.371153744479,0.420848788312,0.11856071468,-0.275510204082,-0.477197671473,-0.642857142857,-0.728931483661,-0.205353181607,0.477197671473,0.826530612245},
{0.5,0.866025403784,1.11803398875,1.32287565553,1.5,-0.566946709514,-0.981980506062,-1.26773138209,-1.5,-1.70084012854,0.15971914125,0.276641667586,0.357142857143,0.422577127364,0.47915742375,0.371153744479,0.642857142857,0.829925002759,0.981980506062,1.11346123344,-0.642857142857,-1.11346123344,-1.43747227125,-1.70084012854,-1.92857142857},
{0.5,-0.866025403784,1.11803398875,-1.32287565553,1.5,0,0,0,0,0,-0.559016994375,0.968245836552,-1.25,1.47901994577,-1.67705098312,0,0,0,0,0,0.5625,-0.974278579257,1.25778823734,-1.48823511247,1.6875},
{0.5,-0.566946709514,0.15971914125,0.371153744479,-0.642857142857,0,0,0,0,0,-0.559016994375,0.633865691046,-0.178571428571,-0.414962501379,0.718736135625,0,0,0,0,0,0.5625,-0.637815048203,0.179684033906,0.417547962539,-0.723214285714},
{0.5,0,-0.559016994375,0,0.5625,0,0,0,0,0,-0.559016994375,0,0.625,0,-0.628894118672,0,0,0,0,0,0.5625,0,-0.628894118672,0,0.6328125},
{0.5,0.566946709514,0.15971914125,-0.371153744479,-0.642857142857,0,0,0,0,0,-0.559016994375,-0.633865691046,-0.178571428571,0.414962501379,0.718736135625,0,0,0,0,0,0.5625,0.637815048203,0.179684033906,-0.417547962539,-0.723214285714},
{0.5,0.866025403784,1.11803398875,1.32287565553,1.5,0,0,0,0,0,-0.559016994375,-0.968245836552,-1.25,-1.47901994577,-1.67705098312,0,0,0,0,0,0.5625,0.974278579257,1.25778823734,1.48823511247,1.6875},
{0.5,-0.866025403784,1.11803398875,-1.32287565553,1.5,0.566946709514,-0.981980506062,1.26773138209,-1.5,1.70084012854,0.15971914125,-0.276641667586,0.357142857143,-0.422577127364,0.47915742375,-0.371153744479,0.642857142857,-0.829925002759,0.981980506062,-1.11346123344,-0.642857142857,1.11346123344,-1.43747227125,1.70084012854,-1.92857142857},
{0.5,-0.566946709514,0.15971914125,0.371153744479,-0.642857142857,0.566946709514,-0.642857142857,0.181104483156,0.420848788312,-0.728931483661,0.15971914125,-0.181104483156,0.0510204081633,0.11856071468,-0.205353181607,-0.371153744479,0.420848788312,-0.11856071468,-0.275510204082,0.477197671473,-0.642857142857,0.728931483661,-0.205353181607,-0.477197671473,0.826530612245},
{0.5,0,-0.559016994375,0,0.5625,0.566946709514,0,-0.633865691046,0,0.637815048203,0.15971914125,0,-0.178571428571,0,0.179684033906,-0.371153744479,0,0.414962501379,0,-0.417547962539,-0.642857142857,0,0.718736135625,0,-0.723214285714},
{0.5,0.566946709514,0.15971914125,-0.371153744479,-0.642857142857,0.566946709514,0.642857142857,0.181104483156,-0.420848788312,-0.728931483661,0.15971914125,0.181104483156,0.0510204081633,-0.11856071468,-0.205353181607,-0.371153744479,-0.420848788312,-0.11856071468,0.275510204082,0.477197671473,-0.642857142857,-0.728931483661,-0.205353181607,0.477197671473,0.826530612245},
{0.5,0.866025403784,1.11803398875,1.32287565553,1.5,0.566946709514,0.981980506062,1.26773138209,1.5,1.70084012854,0.15971914125,0.276641667586,0.357142857143,0.422577127364,0.47915742375,-0.371153744479,-0.642857142857,-0.829925002759,-0.981980506062,-1.11346123344,-0.642857142857,-1.11346123344,-1.43747227125,-1.70084012854,-1.92857142857},
{0.5,-0.866025403784,1.11803398875,-1.32287565553,1.5,0.866025403784,-1.5,1.9364916731,-2.29128784748,2.59807621135,1.11803398875,-1.9364916731,2.5,-2.95803989155,3.35410196625,1.32287565553,-2.29128784748,2.95803989155,-3.5,3.9686269666,1.5,-2.59807621135,3.35410196625,-3.9686269666,4.5},
{0.5,-0.566946709514,0.15971914125,0.371153744479,-0.642857142857,0.866025403784,-0.981980506062,0.276641667586,0.642857142857,-1.11346123344,1.11803398875,-1.26773138209,0.357142857143,0.829925002759,-1.43747227125,1.32287565553,-1.5,0.422577127364,0.981980506062,-1.70084012854,1.5,-1.70084012854,0.47915742375,1.11346123344,-1.92857142857},
{0.5,0,-0.559016994375,0,0.5625,0.866025403784,0,-0.968245836552,0,0.974278579257,1.11803398875,0,-1.25,0,1.25778823734,1.32287565553,0,-1.47901994577,0,1.48823511247,1.5,0,-1.67705098312,0,1.6875},
{0.5,0.566946709514,0.15971914125,-0.371153744479,-0.642857142857,0.866025403784,0.981980506062,0.276641667586,-0.642857142857,-1.11346123344,1.11803398875,1.26773138209,0.357142857143,-0.829925002759,-1.43747227125,1.32287565553,1.5,0.422577127364,-0.981980506062,-1.70084012854,1.5,1.70084012854,0.47915742375,-1.11346123344,-1.92857142857},
{0.5,0.866025403784,1.11803398875,1.32287565553,1.5,0.866025403784,1.5,1.9364916731,2.29128784748,2.59807621135,1.11803398875,1.9364916731,2.5,2.95803989155,3.35410196625,1.32287565553,2.29128784748,2.95803989155,3.5,3.9686269666,1.5,2.59807621135,3.35410196625,3.9686269666,4.5}};

#endif