#ifndef ESFR_QUAD_P2
#define ESFR_QUAD_P2

int p = 2;

double r[9] = {-1,-1,-1,0,0,0,1,1,1};

double s[9] = {-1,0,1,-1,0,1,-1,0,1};

double Dr[9][9] = {{-1.5,0,0,2,0,0,-0.5,0,0},
{0,-1.5,0,0,2,0,0,-0.5,0},
{0,0,-1.5,0,0,2,0,0,-0.5},
{-0.5,0,0,0,0,0,0.5,0,0},
{0,-0.5,0,0,0,0,0,0.5,0},
{0,0,-0.5,0,0,0,0,0,0.5},
{0.5,0,0,-2,0,0,1.5,0,0},
{0,0.5,0,0,-2,0,0,1.5,0},
{0,0,0.5,0,0,-2,0,0,1.5}};

double Ds[9][9] = {{-1.5,2,-0.5,0,0,0,0,0,0},
{-0.5,0,0.5,0,0,0,0,0,0},
{0.5,-2,1.5,0,0,0,0,0,0},
{0,0,0,-1.5,2,-0.5,0,0,0},
{0,0,0,-0.5,0,0.5,0,0,0},
{0,0,0,0.5,-2,1.5,0,0,0},
{0,0,0,0,0,0,-1.5,2,-0.5},
{0,0,0,0,0,0,-0.5,0,0.5},
{0,0,0,0,0,0,0.5,-2,1.5}};

double LIFT[9][12] = {{3,0,0,0,0,0,0,0,0,3,0,0},
{0,0,0,0,0,0,0,0,0,0,3,0},
{0,0,0,0,0,0,3,0,0,0,0,3},
{0,3,0,0,0,0,0,0,0,0,0,0},
{0,0,0,0,0,0,0,0,0,0,0,0},
{0,0,0,0,0,0,0,3,0,0,0,0},
{0,0,3,3,0,0,0,0,0,0,0,0},
{0,0,0,0,3,0,0,0,0,0,0,0},
{0,0,0,0,0,3,0,0,3,0,0,0}};

double FaceMask[3][4] = {{0,6,2,0},
{3,7,5,1},
{6,8,8,2}};

double V[9][9] = {{0.5,-0.866025403784,1.11803398875,-0.866025403784,1.5,-1.9364916731,1.11803398875,-1.9364916731,2.5},
{0.5,0,-0.559016994375,-0.866025403784,0,0.968245836552,1.11803398875,0,-1.25},
{0.5,0.866025403784,1.11803398875,-0.866025403784,-1.5,-1.9364916731,1.11803398875,1.9364916731,2.5},
{0.5,-0.866025403784,1.11803398875,0,0,0,-0.559016994375,0.968245836552,-1.25},
{0.5,0,-0.559016994375,0,0,0,-0.559016994375,0,0.625},
{0.5,0.866025403784,1.11803398875,0,0,0,-0.559016994375,-0.968245836552,-1.25},
{0.5,-0.866025403784,1.11803398875,0.866025403784,-1.5,1.9364916731,1.11803398875,-1.9364916731,2.5},
{0.5,0,-0.559016994375,0.866025403784,0,-0.968245836552,1.11803398875,0,-1.25},
{0.5,0.866025403784,1.11803398875,0.866025403784,1.5,1.9364916731,1.11803398875,1.9364916731,2.5}};

#endif