#ifndef NDG_QUAD_P5
#define NDG_QUAD_P5

int p = 5;

double r[36] = {-1,-1,-1,-1,-1,-1,-0.765055323929,-0.765055323929,-0.765055323929,-0.765055323929,-0.765055323929,-0.765055323929,-0.285231516481,-0.285231516481,-0.285231516481,-0.285231516481,-0.285231516481,-0.285231516481,0.285231516481,0.285231516481,0.285231516481,0.285231516481,0.285231516481,0.285231516481,0.765055323929,0.765055323929,0.765055323929,0.765055323929,0.765055323929,0.765055323929,1,1,1,1,1,1};

double s[36] = {-1,-0.765055323929,-0.285231516481,0.285231516481,0.765055323929,1,-1,-0.765055323929,-0.285231516481,0.285231516481,0.765055323929,1,-1,-0.765055323929,-0.285231516481,0.285231516481,0.765055323929,1,-1,-0.765055323929,-0.285231516481,0.285231516481,0.765055323929,1,-1,-0.765055323929,-0.285231516481,0.285231516481,0.765055323929,1,-1,-0.765055323929,-0.285231516481,0.285231516481,0.765055323929,1};

double Dr[36][36] = {{-7.5,0,0,0,0,0,10.1414159363,0,0,0,0,0,-4.03618727031,0,0,0,0,0,2.24468464818,0,0,0,0,0,-1.34991331419,0,0,0,0,0,0.5,0,0,0,0,0},
{0,-7.5,0,0,0,0,0,10.1414159363,0,0,0,0,0,-4.03618727031,0,0,0,0,0,2.24468464818,0,0,0,0,0,-1.34991331419,0,0,0,0,0,0.5,0,0,0,0},
{0,0,-7.5,0,0,0,0,0,10.1414159363,0,0,0,0,0,-4.03618727031,0,0,0,0,0,2.24468464818,0,0,0,0,0,-1.34991331419,0,0,0,0,0,0.5,0,0,0},
{0,0,0,-7.5,0,0,0,0,0,10.1414159363,0,0,0,0,0,-4.03618727031,0,0,0,0,0,2.24468464818,0,0,0,0,0,-1.34991331419,0,0,0,0,0,0.5,0,0},
{0,0,0,0,-7.5,0,0,0,0,0,10.1414159363,0,0,0,0,0,-4.03618727031,0,0,0,0,0,2.24468464818,0,0,0,0,0,-1.34991331419,0,0,0,0,0,0.5,0},
{0,0,0,0,0,-7.5,0,0,0,0,0,10.1414159363,0,0,0,0,0,-4.03618727031,0,0,0,0,0,2.24468464818,0,0,0,0,0,-1.34991331419,0,0,0,0,0,0.5},
{-1.78636494834,0,0,0,0,0,0,0,0,0,0,0,2.52342677743,0,0,0,0,0,-1.15282815854,0,0,0,0,0,0.65354750743,0,0,0,0,0,-0.237781177984,0,0,0,0,0},
{0,-1.78636494834,0,0,0,0,0,0,0,0,0,0,0,2.52342677743,0,0,0,0,0,-1.15282815854,0,0,0,0,0,0.65354750743,0,0,0,0,0,-0.237781177984,0,0,0,0},
{0,0,-1.78636494834,0,0,0,0,0,0,0,0,0,0,0,2.52342677743,0,0,0,0,0,-1.15282815854,0,0,0,0,0,0.65354750743,0,0,0,0,0,-0.237781177984,0,0,0},
{0,0,0,-1.78636494834,0,0,0,0,0,0,0,0,0,0,0,2.52342677743,0,0,0,0,0,-1.15282815854,0,0,0,0,0,0.65354750743,0,0,0,0,0,-0.237781177984,0,0},
{0,0,0,0,-1.78636494834,0,0,0,0,0,0,0,0,0,0,0,2.52342677743,0,0,0,0,0,-1.15282815854,0,0,0,0,0,0.65354750743,0,0,0,0,0,-0.237781177984,0},
{0,0,0,0,0,-1.78636494834,0,0,0,0,0,0,0,0,0,0,0,2.52342677743,0,0,0,0,0,-1.15282815854,0,0,0,0,0,0.65354750743,0,0,0,0,0,-0.237781177984},
{0.484951047854,0,0,0,0,0,-1.72125695283,0,0,0,0,0,0,0,0,0,0,0,1.75296196637,0,0,0,0,0,-0.786356672223,0,0,0,0,0,0.269700610832,0,0,0,0,0},
{0,0.484951047854,0,0,0,0,0,-1.72125695283,0,0,0,0,0,0,0,0,0,0,0,1.75296196637,0,0,0,0,0,-0.786356672223,0,0,0,0,0,0.269700610832,0,0,0,0},
{0,0,0.484951047854,0,0,0,0,0,-1.72125695283,0,0,0,0,0,0,0,0,0,0,0,1.75296196637,0,0,0,0,0,-0.786356672223,0,0,0,0,0,0.269700610832,0,0,0},
{0,0,0,0.484951047854,0,0,0,0,0,-1.72125695283,0,0,0,0,0,0,0,0,0,0,0,1.75296196637,0,0,0,0,0,-0.786356672223,0,0,0,0,0,0.269700610832,0,0},
{0,0,0,0,0.484951047854,0,0,0,0,0,-1.72125695283,0,0,0,0,0,0,0,0,0,0,0,1.75296196637,0,0,0,0,0,-0.786356672223,0,0,0,0,0,0.269700610832,0},
{0,0,0,0,0,0.484951047854,0,0,0,0,0,-1.72125695283,0,0,0,0,0,0,0,0,0,0,0,1.75296196637,0,0,0,0,0,-0.786356672223,0,0,0,0,0,0.269700610832},
{-0.269700610832,0,0,0,0,0,0.786356672223,0,0,0,0,0,-1.75296196637,0,0,0,0,0,0,0,0,0,0,0,1.72125695283,0,0,0,0,0,-0.484951047854,0,0,0,0,0},
{0,-0.269700610832,0,0,0,0,0,0.786356672223,0,0,0,0,0,-1.75296196637,0,0,0,0,0,0,0,0,0,0,0,1.72125695283,0,0,0,0,0,-0.484951047854,0,0,0,0},
{0,0,-0.269700610832,0,0,0,0,0,0.786356672223,0,0,0,0,0,-1.75296196637,0,0,0,0,0,0,0,0,0,0,0,1.72125695283,0,0,0,0,0,-0.484951047854,0,0,0},
{0,0,0,-0.269700610832,0,0,0,0,0,0.786356672223,0,0,0,0,0,-1.75296196637,0,0,0,0,0,0,0,0,0,0,0,1.72125695283,0,0,0,0,0,-0.484951047854,0,0},
{0,0,0,0,-0.269700610832,0,0,0,0,0,0.786356672223,0,0,0,0,0,-1.75296196637,0,0,0,0,0,0,0,0,0,0,0,1.72125695283,0,0,0,0,0,-0.484951047854,0},
{0,0,0,0,0,-0.269700610832,0,0,0,0,0,0.786356672223,0,0,0,0,0,-1.75296196637,0,0,0,0,0,0,0,0,0,0,0,1.72125695283,0,0,0,0,0,-0.484951047854},
{0.237781177984,0,0,0,0,0,-0.65354750743,0,0,0,0,0,1.15282815854,0,0,0,0,0,-2.52342677743,0,0,0,0,0,0,0,0,0,0,0,1.78636494834,0,0,0,0,0},
{0,0.237781177984,0,0,0,0,0,-0.65354750743,0,0,0,0,0,1.15282815854,0,0,0,0,0,-2.52342677743,0,0,0,0,0,0,0,0,0,0,0,1.78636494834,0,0,0,0},
{0,0,0.237781177984,0,0,0,0,0,-0.65354750743,0,0,0,0,0,1.15282815854,0,0,0,0,0,-2.52342677743,0,0,0,0,0,0,0,0,0,0,0,1.78636494834,0,0,0},
{0,0,0,0.237781177984,0,0,0,0,0,-0.65354750743,0,0,0,0,0,1.15282815854,0,0,0,0,0,-2.52342677743,0,0,0,0,0,0,0,0,0,0,0,1.78636494834,0,0},
{0,0,0,0,0.237781177984,0,0,0,0,0,-0.65354750743,0,0,0,0,0,1.15282815854,0,0,0,0,0,-2.52342677743,0,0,0,0,0,0,0,0,0,0,0,1.78636494834,0},
{0,0,0,0,0,0.237781177984,0,0,0,0,0,-0.65354750743,0,0,0,0,0,1.15282815854,0,0,0,0,0,-2.52342677743,0,0,0,0,0,0,0,0,0,0,0,1.78636494834},
{-0.5,0,0,0,0,0,1.34991331419,0,0,0,0,0,-2.24468464818,0,0,0,0,0,4.03618727031,0,0,0,0,0,-10.1414159363,0,0,0,0,0,7.5,0,0,0,0,0},
{0,-0.5,0,0,0,0,0,1.34991331419,0,0,0,0,0,-2.24468464818,0,0,0,0,0,4.03618727031,0,0,0,0,0,-10.1414159363,0,0,0,0,0,7.5,0,0,0,0},
{0,0,-0.5,0,0,0,0,0,1.34991331419,0,0,0,0,0,-2.24468464818,0,0,0,0,0,4.03618727031,0,0,0,0,0,-10.1414159363,0,0,0,0,0,7.5,0,0,0},
{0,0,0,-0.5,0,0,0,0,0,1.34991331419,0,0,0,0,0,-2.24468464818,0,0,0,0,0,4.03618727031,0,0,0,0,0,-10.1414159363,0,0,0,0,0,7.5,0,0},
{0,0,0,0,-0.5,0,0,0,0,0,1.34991331419,0,0,0,0,0,-2.24468464818,0,0,0,0,0,4.03618727031,0,0,0,0,0,-10.1414159363,0,0,0,0,0,7.5,0},
{0,0,0,0,0,-0.5,0,0,0,0,0,1.34991331419,0,0,0,0,0,-2.24468464818,0,0,0,0,0,4.03618727031,0,0,0,0,0,-10.1414159363,0,0,0,0,0,7.5}};

double Ds[36][36] = {{-7.5,10.1414159363,-4.03618727031,2.24468464818,-1.34991331419,0.5,0,0,0,0,0,0,0,0,0,0,0,0,0,0,0,0,0,0,0,0,0,0,0,0,0,0,0,0,0,0},
{-1.78636494834,0,2.52342677743,-1.15282815854,0.65354750743,-0.237781177984,0,0,0,0,0,0,0,0,0,0,0,0,0,0,0,0,0,0,0,0,0,0,0,0,0,0,0,0,0,0},
{0.484951047854,-1.72125695283,0,1.75296196637,-0.786356672223,0.269700610832,0,0,0,0,0,0,0,0,0,0,0,0,0,0,0,0,0,0,0,0,0,0,0,0,0,0,0,0,0,0},
{-0.269700610832,0.786356672223,-1.75296196637,0,1.72125695283,-0.484951047854,0,0,0,0,0,0,0,0,0,0,0,0,0,0,0,0,0,0,0,0,0,0,0,0,0,0,0,0,0,0},
{0.237781177984,-0.65354750743,1.15282815854,-2.52342677743,0,1.78636494834,0,0,0,0,0,0,0,0,0,0,0,0,0,0,0,0,0,0,0,0,0,0,0,0,0,0,0,0,0,0},
{-0.5,1.34991331419,-2.24468464818,4.03618727031,-10.1414159363,7.5,0,0,0,0,0,0,0,0,0,0,0,0,0,0,0,0,0,0,0,0,0,0,0,0,0,0,0,0,0,0},
{0,0,0,0,0,0,-7.5,10.1414159363,-4.03618727031,2.24468464818,-1.34991331419,0.5,0,0,0,0,0,0,0,0,0,0,0,0,0,0,0,0,0,0,0,0,0,0,0,0},
{0,0,0,0,0,0,-1.78636494834,0,2.52342677743,-1.15282815854,0.65354750743,-0.237781177984,0,0,0,0,0,0,0,0,0,0,0,0,0,0,0,0,0,0,0,0,0,0,0,0},
{0,0,0,0,0,0,0.484951047854,-1.72125695283,0,1.75296196637,-0.786356672223,0.269700610832,0,0,0,0,0,0,0,0,0,0,0,0,0,0,0,0,0,0,0,0,0,0,0,0},
{0,0,0,0,0,0,-0.269700610832,0.786356672223,-1.75296196637,0,1.72125695283,-0.484951047854,0,0,0,0,0,0,0,0,0,0,0,0,0,0,0,0,0,0,0,0,0,0,0,0},
{0,0,0,0,0,0,0.237781177984,-0.65354750743,1.15282815854,-2.52342677743,0,1.78636494834,0,0,0,0,0,0,0,0,0,0,0,0,0,0,0,0,0,0,0,0,0,0,0,0},
{0,0,0,0,0,0,-0.5,1.34991331419,-2.24468464818,4.03618727031,-10.1414159363,7.5,0,0,0,0,0,0,0,0,0,0,0,0,0,0,0,0,0,0,0,0,0,0,0,0},
{0,0,0,0,0,0,0,0,0,0,0,0,-7.5,10.1414159363,-4.03618727031,2.24468464818,-1.34991331419,0.5,0,0,0,0,0,0,0,0,0,0,0,0,0,0,0,0,0,0},
{0,0,0,0,0,0,0,0,0,0,0,0,-1.78636494834,0,2.52342677743,-1.15282815854,0.65354750743,-0.237781177984,0,0,0,0,0,0,0,0,0,0,0,0,0,0,0,0,0,0},
{0,0,0,0,0,0,0,0,0,0,0,0,0.484951047854,-1.72125695283,0,1.75296196637,-0.786356672223,0.269700610832,0,0,0,0,0,0,0,0,0,0,0,0,0,0,0,0,0,0},
{0,0,0,0,0,0,0,0,0,0,0,0,-0.269700610832,0.786356672223,-1.75296196637,0,1.72125695283,-0.484951047854,0,0,0,0,0,0,0,0,0,0,0,0,0,0,0,0,0,0},
{0,0,0,0,0,0,0,0,0,0,0,0,0.237781177984,-0.65354750743,1.15282815854,-2.52342677743,0,1.78636494834,0,0,0,0,0,0,0,0,0,0,0,0,0,0,0,0,0,0},
{0,0,0,0,0,0,0,0,0,0,0,0,-0.5,1.34991331419,-2.24468464818,4.03618727031,-10.1414159363,7.5,0,0,0,0,0,0,0,0,0,0,0,0,0,0,0,0,0,0},
{0,0,0,0,0,0,0,0,0,0,0,0,0,0,0,0,0,0,-7.5,10.1414159363,-4.03618727031,2.24468464818,-1.34991331419,0.5,0,0,0,0,0,0,0,0,0,0,0,0},
{0,0,0,0,0,0,0,0,0,0,0,0,0,0,0,0,0,0,-1.78636494834,0,2.52342677743,-1.15282815854,0.65354750743,-0.237781177984,0,0,0,0,0,0,0,0,0,0,0,0},
{0,0,0,0,0,0,0,0,0,0,0,0,0,0,0,0,0,0,0.484951047854,-1.72125695283,0,1.75296196637,-0.786356672223,0.269700610832,0,0,0,0,0,0,0,0,0,0,0,0},
{0,0,0,0,0,0,0,0,0,0,0,0,0,0,0,0,0,0,-0.269700610832,0.786356672223,-1.75296196637,0,1.72125695283,-0.484951047854,0,0,0,0,0,0,0,0,0,0,0,0},
{0,0,0,0,0,0,0,0,0,0,0,0,0,0,0,0,0,0,0.237781177984,-0.65354750743,1.15282815854,-2.52342677743,0,1.78636494834,0,0,0,0,0,0,0,0,0,0,0,0},
{0,0,0,0,0,0,0,0,0,0,0,0,0,0,0,0,0,0,-0.5,1.34991331419,-2.24468464818,4.03618727031,-10.1414159363,7.5,0,0,0,0,0,0,0,0,0,0,0,0},
{0,0,0,0,0,0,0,0,0,0,0,0,0,0,0,0,0,0,0,0,0,0,0,0,-7.5,10.1414159363,-4.03618727031,2.24468464818,-1.34991331419,0.5,0,0,0,0,0,0},
{0,0,0,0,0,0,0,0,0,0,0,0,0,0,0,0,0,0,0,0,0,0,0,0,-1.78636494834,0,2.52342677743,-1.15282815854,0.65354750743,-0.237781177984,0,0,0,0,0,0},
{0,0,0,0,0,0,0,0,0,0,0,0,0,0,0,0,0,0,0,0,0,0,0,0,0.484951047854,-1.72125695283,0,1.75296196637,-0.786356672223,0.269700610832,0,0,0,0,0,0},
{0,0,0,0,0,0,0,0,0,0,0,0,0,0,0,0,0,0,0,0,0,0,0,0,-0.269700610832,0.786356672223,-1.75296196637,0,1.72125695283,-0.484951047854,0,0,0,0,0,0},
{0,0,0,0,0,0,0,0,0,0,0,0,0,0,0,0,0,0,0,0,0,0,0,0,0.237781177984,-0.65354750743,1.15282815854,-2.52342677743,0,1.78636494834,0,0,0,0,0,0},
{0,0,0,0,0,0,0,0,0,0,0,0,0,0,0,0,0,0,0,0,0,0,0,0,-0.5,1.34991331419,-2.24468464818,4.03618727031,-10.1414159363,7.5,0,0,0,0,0,0},
{0,0,0,0,0,0,0,0,0,0,0,0,0,0,0,0,0,0,0,0,0,0,0,0,0,0,0,0,0,0,-7.5,10.1414159363,-4.03618727031,2.24468464818,-1.34991331419,0.5},
{0,0,0,0,0,0,0,0,0,0,0,0,0,0,0,0,0,0,0,0,0,0,0,0,0,0,0,0,0,0,-1.78636494834,0,2.52342677743,-1.15282815854,0.65354750743,-0.237781177984},
{0,0,0,0,0,0,0,0,0,0,0,0,0,0,0,0,0,0,0,0,0,0,0,0,0,0,0,0,0,0,0.484951047854,-1.72125695283,0,1.75296196637,-0.786356672223,0.269700610832},
{0,0,0,0,0,0,0,0,0,0,0,0,0,0,0,0,0,0,0,0,0,0,0,0,0,0,0,0,0,0,-0.269700610832,0.786356672223,-1.75296196637,0,1.72125695283,-0.484951047854},
{0,0,0,0,0,0,0,0,0,0,0,0,0,0,0,0,0,0,0,0,0,0,0,0,0,0,0,0,0,0,0.237781177984,-0.65354750743,1.15282815854,-2.52342677743,0,1.78636494834},
{0,0,0,0,0,0,0,0,0,0,0,0,0,0,0,0,0,0,0,0,0,0,0,0,0,0,0,0,0,0,-0.5,1.34991331419,-2.24468464818,4.03618727031,-10.1414159363,7.5}};

double LIFT[36][24] = {{66,-56.4315675211,7.66303581854,-9.86382323232,3.43235493486,-1.8,-11,9.40526125351,-1.27717263642,1.64397053872,-0.57205915581,0.3,-11,9.40526125351,-1.27717263642,1.64397053872,-0.57205915581,0.3,66,-56.4315675211,7.66303581854,-9.86382323232,3.43235493486,-1.8},
{-4.61666627544,3.9473593128,-0.536025439863,0.689969394903,-0.240091473835,0.125909080239,1.6566946015,-7.9244071054,4.44068848962,-0.160352438204,0.588142107963,-0.10076565548,4.61666627544,-3.9473593128,0.536025439863,-0.689969394903,0.240091473835,-0.125909080239,-9.94016760899,47.5464426324,-26.6441309377,0.962114629226,-3.52885264778,0.604593932878},
{3.81290497561,-3.26012431186,0.442703445467,-0.569845767895,0.198291563776,-0.103988317517,-0.153453288176,3.02904209723,-8.0755928946,3.61185789204,-0.109378148647,0.197524342158,-3.81290497561,3.26012431186,-0.442703445467,0.569845767895,-0.198291563776,0.103988317517,0.920719729058,-18.1742525834,48.4535573676,-21.6711473522,0.656268891884,-1.18514605295},
{-3.81290497561,3.26012431186,-0.442703445467,0.569845767895,-0.198291563776,0.103988317517,0.197524342158,-0.109378148647,3.61185789204,-8.0755928946,3.02904209723,-0.153453288176,3.81290497561,-3.26012431186,0.442703445467,-0.569845767895,0.198291563776,-0.103988317517,-1.18514605295,0.656268891884,-21.6711473522,48.4535573676,-18.1742525834,0.920719729058},
{4.61666627544,-3.9473593128,0.536025439863,-0.689969394903,0.240091473835,-0.125909080239,-0.10076565548,0.588142107963,-0.160352438204,4.44068848962,-7.9244071054,1.6566946015,-4.61666627544,3.9473593128,-0.536025439863,0.689969394903,-0.240091473835,0.125909080239,0.604593932878,-3.52885264778,0.962114629226,-26.6441309377,47.5464426324,-9.94016760899},
{-11,9.40526125351,-1.27717263642,1.64397053872,-0.57205915581,0.3,0.3,-0.57205915581,1.64397053872,-1.27717263642,9.40526125351,-11,66,-56.4315675211,7.66303581854,-9.86382323232,3.43235493486,-1.8,-1.8,3.43235493486,-9.86382323232,7.66303581854,-56.4315675211,66},
{-9.94016760899,47.5464426324,-26.6441309377,0.962114629226,-3.52885264778,0.604593932878,4.61666627544,-3.9473593128,0.536025439863,-0.689969394903,0.240091473835,-0.125909080239,1.6566946015,-7.9244071054,4.44068848962,-0.160352438204,0.588142107963,-0.10076565548,-4.61666627544,3.9473593128,-0.536025439863,0.689969394903,-0.240091473835,0.125909080239},
{0.695309645041,-3.32584936694,1.86374334453,-0.0672994266948,0.246841439546,-0.0422910366706,-0.695309645041,3.32584936694,-1.86374334453,0.0672994266948,-0.246841439546,0.0422910366706,-0.695309645041,3.32584936694,-1.86374334453,0.0672994266948,-0.246841439546,0.0422910366706,0.695309645041,-3.32584936694,1.86374334453,-0.0672994266948,0.246841439546,-0.0422910366706},
{-0.574256280829,2.74681920736,-1.53926574884,0.0555826008618,-0.203866360893,0.0349281699227,0.0644038745799,-1.27127968156,3.38930157916,-1.51588568381,0.0459056736482,-0.0829003608199,0.574256280829,-2.74681920736,1.53926574884,-0.0555826008618,0.203866360893,-0.0349281699227,-0.0644038745799,1.27127968156,-3.38930157916,1.51588568381,-0.0459056736482,0.0829003608199},
{0.574256280829,-2.74681920736,1.53926574884,-0.0555826008618,0.203866360893,-0.0349281699227,-0.0829003608199,0.0459056736482,-1.51588568381,3.38930157916,-1.27127968156,0.0644038745799,-0.574256280829,2.74681920736,-1.53926574884,0.0555826008618,-0.203866360893,0.0349281699227,0.0829003608199,-0.0459056736482,1.51588568381,-3.38930157916,1.27127968156,-0.0644038745799},
{-0.695309645041,3.32584936694,-1.86374334453,0.0672994266948,-0.246841439546,0.0422910366706,0.0422910366706,-0.246841439546,0.0672994266948,-1.86374334453,3.32584936694,-0.695309645041,0.695309645041,-3.32584936694,1.86374334453,-0.0672994266948,0.246841439546,-0.0422910366706,-0.0422910366706,0.246841439546,-0.0672994266948,1.86374334453,-3.32584936694,0.695309645041},
{1.6566946015,-7.9244071054,4.44068848962,-0.160352438204,0.588142107963,-0.10076565548,-0.125909080239,0.240091473835,-0.689969394903,0.536025439863,-3.9473593128,4.61666627544,-9.94016760899,47.5464426324,-26.6441309377,0.962114629226,-3.52885264778,0.604593932878,0.125909080239,-0.240091473835,0.689969394903,-0.536025439863,3.9473593128,-4.61666627544},
{0.920719729058,-18.1742525834,48.4535573676,-21.6711473522,0.656268891884,-1.18514605295,-3.81290497561,3.26012431186,-0.442703445467,0.569845767895,-0.198291563776,0.103988317517,-0.153453288176,3.02904209723,-8.0755928946,3.61185789204,-0.109378148647,0.197524342158,3.81290497561,-3.26012431186,0.442703445467,-0.569845767895,0.198291563776,-0.103988317517},
{-0.0644038745799,1.27127968156,-3.38930157916,1.51588568381,-0.0459056736482,0.0829003608199,0.574256280829,-2.74681920736,1.53926574884,-0.0555826008618,0.203866360893,-0.0349281699227,0.0644038745799,-1.27127968156,3.38930157916,-1.51588568381,0.0459056736482,-0.0829003608199,-0.574256280829,2.74681920736,-1.53926574884,0.0555826008618,-0.203866360893,0.0349281699227},
{0.0531911641828,-1.04994997126,2.79922439353,-1.25197008434,0.0379134988364,-0.0684674133652,-0.0531911641828,1.04994997126,-2.79922439353,1.25197008434,-0.0379134988364,0.0684674133652,-0.0531911641828,1.04994997126,-2.79922439353,1.25197008434,-0.0379134988364,0.0684674133652,0.0531911641828,-1.04994997126,2.79922439353,-1.25197008434,0.0379134988364,-0.0684674133652},
{-0.0531911641828,1.04994997126,-2.79922439353,1.25197008434,-0.0379134988364,0.0684674133652,0.0684674133652,-0.0379134988364,1.25197008434,-2.79922439353,1.04994997126,-0.0531911641828,0.0531911641828,-1.04994997126,2.79922439353,-1.25197008434,0.0379134988364,-0.0684674133652,-0.0684674133652,0.0379134988364,-1.25197008434,2.79922439353,-1.04994997126,0.0531911641828},
{0.0644038745799,-1.27127968156,3.38930157916,-1.51588568381,0.0459056736482,-0.0829003608199,-0.0349281699227,0.203866360893,-0.0555826008618,1.53926574884,-2.74681920736,0.574256280829,-0.0644038745799,1.27127968156,-3.38930157916,1.51588568381,-0.0459056736482,0.0829003608199,0.0349281699227,-0.203866360893,0.0555826008618,-1.53926574884,2.74681920736,-0.574256280829},
{-0.153453288176,3.02904209723,-8.0755928946,3.61185789204,-0.109378148647,0.197524342158,0.103988317517,-0.198291563776,0.569845767895,-0.442703445467,3.26012431186,-3.81290497561,0.920719729058,-18.1742525834,48.4535573676,-21.6711473522,0.656268891884,-1.18514605295,-0.103988317517,0.198291563776,-0.569845767895,0.442703445467,-3.26012431186,3.81290497561},
{-1.18514605295,0.656268891884,-21.6711473522,48.4535573676,-18.1742525834,0.920719729058,3.81290497561,-3.26012431186,0.442703445467,-0.569845767895,0.198291563776,-0.103988317517,0.197524342158,-0.109378148647,3.61185789204,-8.0755928946,3.02904209723,-0.153453288176,-3.81290497561,3.26012431186,-0.442703445467,0.569845767895,-0.198291563776,0.103988317517},
{0.0829003608199,-0.0459056736482,1.51588568381,-3.38930157916,1.27127968156,-0.0644038745799,-0.574256280829,2.74681920736,-1.53926574884,0.0555826008618,-0.203866360893,0.0349281699227,-0.0829003608199,0.0459056736482,-1.51588568381,3.38930157916,-1.27127968156,0.0644038745799,0.574256280829,-2.74681920736,1.53926574884,-0.0555826008618,0.203866360893,-0.0349281699227},
{-0.0684674133652,0.0379134988364,-1.25197008434,2.79922439353,-1.04994997126,0.0531911641828,0.0531911641828,-1.04994997126,2.79922439353,-1.25197008434,0.0379134988364,-0.0684674133652,0.0684674133652,-0.0379134988364,1.25197008434,-2.79922439353,1.04994997126,-0.0531911641828,-0.0531911641828,1.04994997126,-2.79922439353,1.25197008434,-0.0379134988364,0.0684674133652},
{0.0684674133652,-0.0379134988364,1.25197008434,-2.79922439353,1.04994997126,-0.0531911641828,-0.0684674133652,0.0379134988364,-1.25197008434,2.79922439353,-1.04994997126,0.0531911641828,-0.0684674133652,0.0379134988364,-1.25197008434,2.79922439353,-1.04994997126,0.0531911641828,0.0684674133652,-0.0379134988364,1.25197008434,-2.79922439353,1.04994997126,-0.0531911641828},
{-0.0829003608199,0.0459056736482,-1.51588568381,3.38930157916,-1.27127968156,0.0644038745799,0.0349281699227,-0.203866360893,0.0555826008618,-1.53926574884,2.74681920736,-0.574256280829,0.0829003608199,-0.0459056736482,1.51588568381,-3.38930157916,1.27127968156,-0.0644038745799,-0.0349281699227,0.203866360893,-0.0555826008618,1.53926574884,-2.74681920736,0.574256280829},
{0.197524342158,-0.109378148647,3.61185789204,-8.0755928946,3.02904209723,-0.153453288176,-0.103988317517,0.198291563776,-0.569845767895,0.442703445467,-3.26012431186,3.81290497561,-1.18514605295,0.656268891884,-21.6711473522,48.4535573676,-18.1742525834,0.920719729058,0.103988317517,-0.198291563776,0.569845767895,-0.442703445467,3.26012431186,-3.81290497561},
{0.604593932878,-3.52885264778,0.962114629226,-26.6441309377,47.5464426324,-9.94016760899,-4.61666627544,3.9473593128,-0.536025439863,0.689969394903,-0.240091473835,0.125909080239,-0.10076565548,0.588142107963,-0.160352438204,4.44068848962,-7.9244071054,1.6566946015,4.61666627544,-3.9473593128,0.536025439863,-0.689969394903,0.240091473835,-0.125909080239},
{-0.0422910366706,0.246841439546,-0.0672994266948,1.86374334453,-3.32584936694,0.695309645041,0.695309645041,-3.32584936694,1.86374334453,-0.0672994266948,0.246841439546,-0.0422910366706,0.0422910366706,-0.246841439546,0.0672994266948,-1.86374334453,3.32584936694,-0.695309645041,-0.695309645041,3.32584936694,-1.86374334453,0.0672994266948,-0.246841439546,0.0422910366706},
{0.0349281699227,-0.203866360893,0.0555826008618,-1.53926574884,2.74681920736,-0.574256280829,-0.0644038745799,1.27127968156,-3.38930157916,1.51588568381,-0.0459056736482,0.0829003608199,-0.0349281699227,0.203866360893,-0.0555826008618,1.53926574884,-2.74681920736,0.574256280829,0.0644038745799,-1.27127968156,3.38930157916,-1.51588568381,0.0459056736482,-0.0829003608199},
{-0.0349281699227,0.203866360893,-0.0555826008618,1.53926574884,-2.74681920736,0.574256280829,0.0829003608199,-0.0459056736482,1.51588568381,-3.38930157916,1.27127968156,-0.0644038745799,0.0349281699227,-0.203866360893,0.0555826008618,-1.53926574884,2.74681920736,-0.574256280829,-0.0829003608199,0.0459056736482,-1.51588568381,3.38930157916,-1.27127968156,0.0644038745799},
{0.0422910366706,-0.246841439546,0.0672994266948,-1.86374334453,3.32584936694,-0.695309645041,-0.0422910366706,0.246841439546,-0.0672994266948,1.86374334453,-3.32584936694,0.695309645041,-0.0422910366706,0.246841439546,-0.0672994266948,1.86374334453,-3.32584936694,0.695309645041,0.0422910366706,-0.246841439546,0.0672994266948,-1.86374334453,3.32584936694,-0.695309645041},
{-0.10076565548,0.588142107963,-0.160352438204,4.44068848962,-7.9244071054,1.6566946015,0.125909080239,-0.240091473835,0.689969394903,-0.536025439863,3.9473593128,-4.61666627544,0.604593932878,-3.52885264778,0.962114629226,-26.6441309377,47.5464426324,-9.94016760899,-0.125909080239,0.240091473835,-0.689969394903,0.536025439863,-3.9473593128,4.61666627544},
{-1.8,3.43235493486,-9.86382323232,7.66303581854,-56.4315675211,66,66,-56.4315675211,7.66303581854,-9.86382323232,3.43235493486,-1.8,0.3,-0.57205915581,1.64397053872,-1.27717263642,9.40526125351,-11,-11,9.40526125351,-1.27717263642,1.64397053872,-0.57205915581,0.3},
{0.125909080239,-0.240091473835,0.689969394903,-0.536025439863,3.9473593128,-4.61666627544,-9.94016760899,47.5464426324,-26.6441309377,0.962114629226,-3.52885264778,0.604593932878,-0.125909080239,0.240091473835,-0.689969394903,0.536025439863,-3.9473593128,4.61666627544,1.6566946015,-7.9244071054,4.44068848962,-0.160352438204,0.588142107963,-0.10076565548},
{-0.103988317517,0.198291563776,-0.569845767895,0.442703445467,-3.26012431186,3.81290497561,0.920719729058,-18.1742525834,48.4535573676,-21.6711473522,0.656268891884,-1.18514605295,0.103988317517,-0.198291563776,0.569845767895,-0.442703445467,3.26012431186,-3.81290497561,-0.153453288176,3.02904209723,-8.0755928946,3.61185789204,-0.109378148647,0.197524342158},
{0.103988317517,-0.198291563776,0.569845767895,-0.442703445467,3.26012431186,-3.81290497561,-1.18514605295,0.656268891884,-21.6711473522,48.4535573676,-18.1742525834,0.920719729058,-0.103988317517,0.198291563776,-0.569845767895,0.442703445467,-3.26012431186,3.81290497561,0.197524342158,-0.109378148647,3.61185789204,-8.0755928946,3.02904209723,-0.153453288176},
{-0.125909080239,0.240091473835,-0.689969394903,0.536025439863,-3.9473593128,4.61666627544,0.604593932878,-3.52885264778,0.962114629226,-26.6441309377,47.5464426324,-9.94016760899,0.125909080239,-0.240091473835,0.689969394903,-0.536025439863,3.9473593128,-4.61666627544,-0.10076565548,0.588142107963,-0.160352438204,4.44068848962,-7.9244071054,1.6566946015},
{0.3,-0.57205915581,1.64397053872,-1.27717263642,9.40526125351,-11,-1.8,3.43235493486,-9.86382323232,7.66303581854,-56.4315675211,66,-1.8,3.43235493486,-9.86382323232,7.66303581854,-56.4315675211,66,0.3,-0.57205915581,1.64397053872,-1.27717263642,9.40526125351,-11}};

double FaceMask[6][4] = {{0,30,5,0},
{6,31,11,1},
{12,32,17,2},
{18,33,23,3},
{24,34,29,4},
{30,35,35,5}};

double V[36][36] = {{0.5,-0.866025403784,1.11803398875,-1.32287565553,1.5,-1.65831239518,-0.866025403784,1.5,-1.9364916731,2.29128784748,-2.59807621135,2.87228132327,1.11803398875,-1.9364916731,2.5,-2.95803989155,3.35410196625,-3.70809924355,-1.32287565553,2.29128784748,-2.95803989155,3.5,-3.9686269666,4.3874821937,1.5,-2.59807621135,3.35410196625,-3.9686269666,4.5,-4.97493718553,-1.65831239518,2.87228132327,-3.70809924355,4.3874821937,-4.97493718553,5.5},
{0.5,-0.662557345823,0.422577127364,0.0371692721666,-0.481637060841,0.695988628088,-0.866025403784,1.14758298589,-0.731925054711,-0.0643790678728,0.834219860185,-1.20548766534,1.11803398875,-1.48152326425,0.944911182523,0.0831130192386,-1.07697320852,1.55627788397,-1.32287565553,1.75296196637,-1.11803398875,-0.098340650566,1.27429188518,-1.84141282525,1.5,-1.98767203747,1.26773138209,0.1115078165,-1.44491118252,2.08796588426,-1.65831239518,2.19745411819,-1.40152977645,-0.123276529507,1.59740941594,-2.30833313772},
{0.5,-0.247017739232,-0.422577127364,0.489243483296,0.148303727508,-0.574817052972,-0.866025403784,0.427847274721,0.731925054711,-0.84739457034,-0.256869590995,0.995612340804,1.11803398875,-0.552348456572,-0.944911182523,1.0939816862,0.331617216024,-1.28533000507,-1.32287565553,0.65354750743,1.11803398875,-1.29441658736,-0.392374781489,1.52082297152,1.5,-0.741053217697,-1.26773138209,1.46773044989,0.444911182523,-1.72445115891,-1.65831239518,0.819265157595,1.40152977645,-1.62263706522,-0.491867819154,1.9064524878},
{0.5,0.247017739232,-0.422577127364,-0.489243483296,0.148303727508,0.574817052972,-0.866025403784,-0.427847274721,0.731925054711,0.84739457034,-0.256869590995,-0.995612340804,1.11803398875,0.552348456572,-0.944911182523,-1.0939816862,0.331617216024,1.28533000507,-1.32287565553,-0.65354750743,1.11803398875,1.29441658736,-0.392374781489,-1.52082297152,1.5,0.741053217697,-1.26773138209,-1.46773044989,0.444911182523,1.72445115891,-1.65831239518,-0.819265157595,1.40152977645,1.62263706522,-0.491867819154,-1.9064524878},
{0.5,0.662557345823,0.422577127364,-0.0371692721666,-0.481637060841,-0.695988628088,-0.866025403784,-1.14758298589,-0.731925054711,0.0643790678728,0.834219860185,1.20548766534,1.11803398875,1.48152326425,0.944911182523,-0.0831130192386,-1.07697320852,-1.55627788397,-1.32287565553,-1.75296196637,-1.11803398875,0.098340650566,1.27429188518,1.84141282525,1.5,1.98767203747,1.26773138209,-0.1115078165,-1.44491118252,-2.08796588426,-1.65831239518,-2.19745411819,-1.40152977645,0.123276529507,1.59740941594,2.30833313772},
{0.5,0.866025403784,1.11803398875,1.32287565553,1.5,1.65831239518,-0.866025403784,-1.5,-1.9364916731,-2.29128784748,-2.59807621135,-2.87228132327,1.11803398875,1.9364916731,2.5,2.95803989155,3.35410196625,3.70809924355,-1.32287565553,-2.29128784748,-2.95803989155,-3.5,-3.9686269666,-4.3874821937,1.5,2.59807621135,3.35410196625,3.9686269666,4.5,4.97493718553,-1.65831239518,-2.87228132327,-3.70809924355,-4.3874821937,-4.97493718553,-5.5},
{0.5,-0.866025403784,1.11803398875,-1.32287565553,1.5,-1.65831239518,-0.662557345823,1.14758298589,-1.48152326425,1.75296196637,-1.98767203747,2.19745411819,0.422577127364,-0.731925054711,0.944911182523,-1.11803398875,1.26773138209,-1.40152977645,0.0371692721666,-0.0643790678728,0.0831130192386,-0.098340650566,0.1115078165,-0.123276529507,-0.481637060841,0.834219860185,-1.07697320852,1.27429188518,-1.44491118252,1.59740941594,0.695988628088,-1.20548766534,1.55627788397,-1.84141282525,2.08796588426,-2.30833313772},
{0.5,-0.662557345823,0.422577127364,0.0371692721666,-0.481637060841,0.695988628088,-0.662557345823,0.877964473009,-0.559963159824,-0.0492535486257,0.638224345362,-0.922264756299,0.422577127364,-0.559963159824,0.357142857143,0.0314137685167,-0.407057611205,0.588217750271,0.0371692721666,-0.0492535486257,0.0314137685167,0.00276310958678,-0.0358041979998,0.0517387814845,-0.481637060841,0.638224345362,-0.407057611205,-0.0358041979998,0.463948516751,-0.670427834422,0.695988628088,-0.922264756299,0.588217750271,0.0517387814845,-0.670427834422,0.968800340856},
{0.5,-0.247017739232,-0.422577127364,0.489243483296,0.148303727508,-0.574817052972,-0.662557345823,0.327326835354,0.559963159824,-0.648303727508,-0.196519448146,0.761698521902,0.422577127364,-0.208768093306,-0.357142857143,0.413486211506,0.125339526295,-0.485809078009,0.0371692721666,-0.018362939159,-0.0314137685167,0.0363696483727,0.0110246832221,-0.0427310629758,-0.481637060841,0.237945795799,0.407057611205,-0.47127558666,-0.142857142857,0.553706391829,0.695988628088,-0.343843074883,-0.588217750271,0.68101580148,0.206435415697,-0.800132264199},
{0.5,0.247017739232,-0.422577127364,-0.489243483296,0.148303727508,0.574817052972,-0.662557345823,-0.327326835354,0.559963159824,0.648303727508,-0.196519448146,-0.761698521902,0.422577127364,0.208768093306,-0.357142857143,-0.413486211506,0.125339526295,0.485809078009,0.0371692721666,0.018362939159,-0.0314137685167,-0.0363696483727,0.0110246832221,0.0427310629758,-0.481637060841,-0.237945795799,0.407057611205,0.47127558666,-0.142857142857,-0.553706391829,0.695988628088,0.343843074883,-0.588217750271,-0.68101580148,0.206435415697,0.800132264199},
{0.5,0.662557345823,0.422577127364,-0.0371692721666,-0.481637060841,-0.695988628088,-0.662557345823,-0.877964473009,-0.559963159824,0.0492535486257,0.638224345362,0.922264756299,0.422577127364,0.559963159824,0.357142857143,-0.0314137685167,-0.407057611205,-0.588217750271,0.0371692721666,0.0492535486257,0.0314137685167,-0.00276310958678,-0.0358041979998,-0.0517387814845,-0.481637060841,-0.638224345362,-0.407057611205,0.0358041979998,0.463948516751,0.670427834422,0.695988628088,0.922264756299,0.588217750271,-0.0517387814845,-0.670427834422,-0.968800340856},
{0.5,0.866025403784,1.11803398875,1.32287565553,1.5,1.65831239518,-0.662557345823,-1.14758298589,-1.48152326425,-1.75296196637,-1.98767203747,-2.19745411819,0.422577127364,0.731925054711,0.944911182523,1.11803398875,1.26773138209,1.40152977645,0.0371692721666,0.0643790678728,0.0831130192386,0.098340650566,0.1115078165,0.123276529507,-0.481637060841,-0.834219860185,-1.07697320852,-1.27429188518,-1.44491118252,-1.59740941594,0.695988628088,1.20548766534,1.55627788397,1.84141282525,2.08796588426,2.30833313772},
{0.5,-0.866025403784,1.11803398875,-1.32287565553,1.5,-1.65831239518,-0.247017739232,0.427847274721,-0.552348456572,0.65354750743,-0.741053217697,0.819265157595,-0.422577127364,0.731925054711,-0.944911182523,1.11803398875,-1.26773138209,1.40152977645,0.489243483296,-0.84739457034,1.0939816862,-1.29441658736,1.46773044989,-1.62263706522,0.148303727508,-0.256869590995,0.331617216024,-0.392374781489,0.444911182523,-0.491867819154,-0.574817052972,0.995612340804,-1.28533000507,1.52082297152,-1.72445115891,1.9064524878},
{0.5,-0.662557345823,0.422577127364,0.0371692721666,-0.481637060841,0.695988628088,-0.247017739232,0.327326835354,-0.208768093306,-0.018362939159,0.237945795799,-0.343843074883,-0.422577127364,0.559963159824,-0.357142857143,-0.0314137685167,0.407057611205,-0.588217750271,0.489243483296,-0.648303727508,0.413486211506,0.0363696483727,-0.47127558666,0.68101580148,0.148303727508,-0.196519448146,0.125339526295,0.0110246832221,-0.142857142857,0.206435415697,-0.574817052972,0.761698521902,-0.485809078009,-0.0427310629758,0.553706391829,-0.800132264199},
{0.5,-0.247017739232,-0.422577127364,0.489243483296,0.148303727508,-0.574817052972,-0.247017739232,0.122035526991,0.208768093306,-0.241703638356,-0.0732673029773,0.283980017794,-0.422577127364,0.208768093306,0.357142857143,-0.413486211506,-0.125339526295,0.485809078009,0.489243483296,-0.241703638356,-0.413486211506,0.478718371895,0.145113264463,-0.562450994507,0.148303727508,-0.0732673029773,-0.125339526295,0.145113264463,0.0439879911853,-0.170495023181,-0.574817052972,0.283980017794,0.485809078009,-0.562450994507,-0.170495023181,0.660829288774},
{0.5,0.247017739232,-0.422577127364,-0.489243483296,0.148303727508,0.574817052972,-0.247017739232,-0.122035526991,0.208768093306,0.241703638356,-0.0732673029773,-0.283980017794,-0.422577127364,-0.208768093306,0.357142857143,0.413486211506,-0.125339526295,-0.485809078009,0.489243483296,0.241703638356,-0.413486211506,-0.478718371895,0.145113264463,0.562450994507,0.148303727508,0.0732673029773,-0.125339526295,-0.145113264463,0.0439879911853,0.170495023181,-0.574817052972,-0.283980017794,0.485809078009,0.562450994507,-0.170495023181,-0.660829288774},
{0.5,0.662557345823,0.422577127364,-0.0371692721666,-0.481637060841,-0.695988628088,-0.247017739232,-0.327326835354,-0.208768093306,0.018362939159,0.237945795799,0.343843074883,-0.422577127364,-0.559963159824,-0.357142857143,0.0314137685167,0.407057611205,0.588217750271,0.489243483296,0.648303727508,0.413486211506,-0.0363696483727,-0.47127558666,-0.68101580148,0.148303727508,0.196519448146,0.125339526295,-0.0110246832221,-0.142857142857,-0.206435415697,-0.574817052972,-0.761698521902,-0.485809078009,0.0427310629758,0.553706391829,0.800132264199},
{0.5,0.866025403784,1.11803398875,1.32287565553,1.5,1.65831239518,-0.247017739232,-0.427847274721,-0.552348456572,-0.65354750743,-0.741053217697,-0.819265157595,-0.422577127364,-0.731925054711,-0.944911182523,-1.11803398875,-1.26773138209,-1.40152977645,0.489243483296,0.84739457034,1.0939816862,1.29441658736,1.46773044989,1.62263706522,0.148303727508,0.256869590995,0.331617216024,0.392374781489,0.444911182523,0.491867819154,-0.574817052972,-0.995612340804,-1.28533000507,-1.52082297152,-1.72445115891,-1.9064524878},
{0.5,-0.866025403784,1.11803398875,-1.32287565553,1.5,-1.65831239518,0.247017739232,-0.427847274721,0.552348456572,-0.65354750743,0.741053217697,-0.819265157595,-0.422577127364,0.731925054711,-0.944911182523,1.11803398875,-1.26773138209,1.40152977645,-0.489243483296,0.84739457034,-1.0939816862,1.29441658736,-1.46773044989,1.62263706522,0.148303727508,-0.256869590995,0.331617216024,-0.392374781489,0.444911182523,-0.491867819154,0.574817052972,-0.995612340804,1.28533000507,-1.52082297152,1.72445115891,-1.9064524878},
{0.5,-0.662557345823,0.422577127364,0.0371692721666,-0.481637060841,0.695988628088,0.247017739232,-0.327326835354,0.208768093306,0.018362939159,-0.237945795799,0.343843074883,-0.422577127364,0.559963159824,-0.357142857143,-0.0314137685167,0.407057611205,-0.588217750271,-0.489243483296,0.648303727508,-0.413486211506,-0.0363696483727,0.47127558666,-0.68101580148,0.148303727508,-0.196519448146,0.125339526295,0.0110246832221,-0.142857142857,0.206435415697,0.574817052972,-0.761698521902,0.485809078009,0.0427310629758,-0.553706391829,0.800132264199},
{0.5,-0.247017739232,-0.422577127364,0.489243483296,0.148303727508,-0.574817052972,0.247017739232,-0.122035526991,-0.208768093306,0.241703638356,0.0732673029773,-0.283980017794,-0.422577127364,0.208768093306,0.357142857143,-0.413486211506,-0.125339526295,0.485809078009,-0.489243483296,0.241703638356,0.413486211506,-0.478718371895,-0.145113264463,0.562450994507,0.148303727508,-0.0732673029773,-0.125339526295,0.145113264463,0.0439879911853,-0.170495023181,0.574817052972,-0.283980017794,-0.485809078009,0.562450994507,0.170495023181,-0.660829288774},
{0.5,0.247017739232,-0.422577127364,-0.489243483296,0.148303727508,0.574817052972,0.247017739232,0.122035526991,-0.208768093306,-0.241703638356,0.0732673029773,0.283980017794,-0.422577127364,-0.208768093306,0.357142857143,0.413486211506,-0.125339526295,-0.485809078009,-0.489243483296,-0.241703638356,0.413486211506,0.478718371895,-0.145113264463,-0.562450994507,0.148303727508,0.0732673029773,-0.125339526295,-0.145113264463,0.0439879911853,0.170495023181,0.574817052972,0.283980017794,-0.485809078009,-0.562450994507,0.170495023181,0.660829288774},
{0.5,0.662557345823,0.422577127364,-0.0371692721666,-0.481637060841,-0.695988628088,0.247017739232,0.327326835354,0.208768093306,-0.018362939159,-0.237945795799,-0.343843074883,-0.422577127364,-0.559963159824,-0.357142857143,0.0314137685167,0.407057611205,0.588217750271,-0.489243483296,-0.648303727508,-0.413486211506,0.0363696483727,0.47127558666,0.68101580148,0.148303727508,0.196519448146,0.125339526295,-0.0110246832221,-0.142857142857,-0.206435415697,0.574817052972,0.761698521902,0.485809078009,-0.0427310629758,-0.553706391829,-0.800132264199},
{0.5,0.866025403784,1.11803398875,1.32287565553,1.5,1.65831239518,0.247017739232,0.427847274721,0.552348456572,0.65354750743,0.741053217697,0.819265157595,-0.422577127364,-0.731925054711,-0.944911182523,-1.11803398875,-1.26773138209,-1.40152977645,-0.489243483296,-0.84739457034,-1.0939816862,-1.29441658736,-1.46773044989,-1.62263706522,0.148303727508,0.256869590995,0.331617216024,0.392374781489,0.444911182523,0.491867819154,0.574817052972,0.995612340804,1.28533000507,1.52082297152,1.72445115891,1.9064524878},
{0.5,-0.866025403784,1.11803398875,-1.32287565553,1.5,-1.65831239518,0.662557345823,-1.14758298589,1.48152326425,-1.75296196637,1.98767203747,-2.19745411819,0.422577127364,-0.731925054711,0.944911182523,-1.11803398875,1.26773138209,-1.40152977645,-0.0371692721666,0.0643790678728,-0.0831130192386,0.098340650566,-0.1115078165,0.123276529507,-0.481637060841,0.834219860185,-1.07697320852,1.27429188518,-1.44491118252,1.59740941594,-0.695988628088,1.20548766534,-1.55627788397,1.84141282525,-2.08796588426,2.30833313772},
{0.5,-0.662557345823,0.422577127364,0.0371692721666,-0.481637060841,0.695988628088,0.662557345823,-0.877964473009,0.559963159824,0.0492535486257,-0.638224345362,0.922264756299,0.422577127364,-0.559963159824,0.357142857143,0.0314137685167,-0.407057611205,0.588217750271,-0.0371692721666,0.0492535486257,-0.0314137685167,-0.00276310958678,0.0358041979998,-0.0517387814845,-0.481637060841,0.638224345362,-0.407057611205,-0.0358041979998,0.463948516751,-0.670427834422,-0.695988628088,0.922264756299,-0.588217750271,-0.0517387814845,0.670427834422,-0.968800340856},
{0.5,-0.247017739232,-0.422577127364,0.489243483296,0.148303727508,-0.574817052972,0.662557345823,-0.327326835354,-0.559963159824,0.648303727508,0.196519448146,-0.761698521902,0.422577127364,-0.208768093306,-0.357142857143,0.413486211506,0.125339526295,-0.485809078009,-0.0371692721666,0.018362939159,0.0314137685167,-0.0363696483727,-0.0110246832221,0.0427310629758,-0.481637060841,0.237945795799,0.407057611205,-0.47127558666,-0.142857142857,0.553706391829,-0.695988628088,0.343843074883,0.588217750271,-0.68101580148,-0.206435415697,0.800132264199},
{0.5,0.247017739232,-0.422577127364,-0.489243483296,0.148303727508,0.574817052972,0.662557345823,0.327326835354,-0.559963159824,-0.648303727508,0.196519448146,0.761698521902,0.422577127364,0.208768093306,-0.357142857143,-0.413486211506,0.125339526295,0.485809078009,-0.0371692721666,-0.018362939159,0.0314137685167,0.0363696483727,-0.0110246832221,-0.0427310629758,-0.481637060841,-0.237945795799,0.407057611205,0.47127558666,-0.142857142857,-0.553706391829,-0.695988628088,-0.343843074883,0.588217750271,0.68101580148,-0.206435415697,-0.800132264199},
{0.5,0.662557345823,0.422577127364,-0.0371692721666,-0.481637060841,-0.695988628088,0.662557345823,0.877964473009,0.559963159824,-0.0492535486257,-0.638224345362,-0.922264756299,0.422577127364,0.559963159824,0.357142857143,-0.0314137685167,-0.407057611205,-0.588217750271,-0.0371692721666,-0.0492535486257,-0.0314137685167,0.00276310958678,0.0358041979998,0.0517387814845,-0.481637060841,-0.638224345362,-0.407057611205,0.0358041979998,0.463948516751,0.670427834422,-0.695988628088,-0.922264756299,-0.588217750271,0.0517387814845,0.670427834422,0.968800340856},
{0.5,0.866025403784,1.11803398875,1.32287565553,1.5,1.65831239518,0.662557345823,1.14758298589,1.48152326425,1.75296196637,1.98767203747,2.19745411819,0.422577127364,0.731925054711,0.944911182523,1.11803398875,1.26773138209,1.40152977645,-0.0371692721666,-0.0643790678728,-0.0831130192386,-0.098340650566,-0.1115078165,-0.123276529507,-0.481637060841,-0.834219860185,-1.07697320852,-1.27429188518,-1.44491118252,-1.59740941594,-0.695988628088,-1.20548766534,-1.55627788397,-1.84141282525,-2.08796588426,-2.30833313772},
