#ifndef VH_GH_7x7
#define VH_GH_7x7

double vx[49] = {-2.65196136,-2.65196136,-2.65196136,-2.65196136,-2.65196136,-2.65196136,-2.65196136,-1.67355163,-1.67355163,-1.67355163,-1.67355163,-1.67355163,-1.67355163,-1.67355163,-0.81628788,-0.81628788,-0.81628788,-0.81628788,-0.81628788,-0.81628788,-0.81628788,-0.00000000,-0.00000000,-0.00000000,-0.00000000,-0.00000000,-0.00000000,-0.00000000,0.81628788,0.81628788,0.81628788,0.81628788,0.81628788,0.81628788,0.81628788,1.67355163,1.67355163,1.67355163,1.67355163,1.67355163,1.67355163,1.67355163,2.65196136,2.65196136,2.65196136,2.65196136,2.65196136,2.65196136,2.65196136};

double vy[49] = {-2.65196136,-1.67355163,-0.81628788,-0.00000000,0.81628788,1.67355163,2.65196136,-2.65196136,-1.67355163,-0.81628788,-0.00000000,0.81628788,1.67355163,2.65196136,-2.65196136,-1.67355163,-0.81628788,-0.00000000,0.81628788,1.67355163,2.65196136,-2.65196136,-1.67355163,-0.81628788,-0.00000000,0.81628788,1.67355163,2.65196136,-2.65196136,-1.67355163,-0.81628788,-0.00000000,0.81628788,1.67355163,2.65196136,-2.65196136,-1.67355163,-0.81628788,-0.00000000,0.81628788,1.67355163,2.65196136,-2.65196136,-1.67355163,-0.81628788,-0.00000000,0.81628788,1.67355163,2.65196136};

double vz[49] = {0.00000000,0.00000000,0.00000000,0.00000000,0.00000000,0.00000000,0.00000000,0.00000000,0.00000000,0.00000000,0.00000000,0.00000000,0.00000000,0.00000000,0.00000000,0.00000000,0.00000000,0.00000000,0.00000000,0.00000000,0.00000000,0.00000000,0.00000000,0.00000000,0.00000000,0.00000000,0.00000000,0.00000000,0.00000000,0.00000000,0.00000000,0.00000000,0.00000000,0.00000000,0.00000000,0.00000000,0.00000000,0.00000000,0.00000000,0.00000000,0.00000000,0.00000000,0.00000000,0.00000000,0.00000000,0.00000000,0.00000000,0.00000000,0.00000000};

double k[1] = {1.00000000};

double w[49] = {1.21292938,0.98809697,0.91265879,0.89236932,0.91265879,0.98809697,1.21292938,0.98809697,0.80494021,0.74348549,0.72695694,0.74348549,0.80494021,0.98809697,0.91265879,0.74348549,0.68672265,0.67145600,0.68672265,0.74348549,0.91265879,0.89236932,0.72695694,0.67145600,0.65652875,0.67145600,0.72695694,0.89236932,0.91265879,0.74348549,0.68672265,0.67145600,0.68672265,0.74348549,0.91265879,0.98809697,0.80494021,0.74348549,0.72695694,0.74348549,0.80494021,0.98809697,1.21292938,0.98809697,0.91265879,0.89236932,0.91265879,0.98809697,1.21292938};

int idv[49] = {1,2,3,4,5,6,7,8,9,10,11,12,13,14,15,16,17,18,19,20,21,22,23,24,25,26,27,28,29,30,31,32,33,34,35,36,37,38,39,40,41,42,43,44,45,46,47,48,49};

#endif