#ifndef VH_GH_10x10
#define VH_GH_10x10

double vx[100] = {-3.43615912,-3.43615912,-3.43615912,-3.43615912,-3.43615912,-3.43615912,-3.43615912,-3.43615912,-3.43615912,-3.43615912,-2.53273167,-2.53273167,-2.53273167,-2.53273167,-2.53273167,-2.53273167,-2.53273167,-2.53273167,-2.53273167,-2.53273167,-1.75668365,-1.75668365,-1.75668365,-1.75668365,-1.75668365,-1.75668365,-1.75668365,-1.75668365,-1.75668365,-1.75668365,-1.03661083,-1.03661083,-1.03661083,-1.03661083,-1.03661083,-1.03661083,-1.03661083,-1.03661083,-1.03661083,-1.03661083,-0.34290133,-0.34290133,-0.34290133,-0.34290133,-0.34290133,-0.34290133,-0.34290133,-0.34290133,-0.34290133,-0.34290133,0.34290133,0.34290133,0.34290133,0.34290133,0.34290133,0.34290133,0.34290133,0.34290133,0.34290133,0.34290133,1.03661083,1.03661083,1.03661083,1.03661083,1.03661083,1.03661083,1.03661083,1.03661083,1.03661083,1.03661083,1.75668365,1.75668365,1.75668365,1.75668365,1.75668365,1.75668365,1.75668365,1.75668365,1.75668365,1.75668365,2.53273167,2.53273167,2.53273167,2.53273167,2.53273167,2.53273167,2.53273167,2.53273167,2.53273167,2.53273167,3.43615912,3.43615912,3.43615912,3.43615912,3.43615912,3.43615912,3.43615912,3.43615912,3.43615912,3.43615912};

double vy[100] = {-3.43615912,-2.53273167,-1.75668365,-1.03661083,-0.34290133,0.34290133,1.03661083,1.75668365,2.53273167,3.43615912,-3.43615912,-2.53273167,-1.75668365,-1.03661083,-0.34290133,0.34290133,1.03661083,1.75668365,2.53273167,3.43615912,-3.43615912,-2.53273167,-1.75668365,-1.03661083,-0.34290133,0.34290133,1.03661083,1.75668365,2.53273167,3.43615912,-3.43615912,-2.53273167,-1.75668365,-1.03661083,-0.34290133,0.34290133,1.03661083,1.75668365,2.53273167,3.43615912,-3.43615912,-2.53273167,-1.75668365,-1.03661083,-0.34290133,0.34290133,1.03661083,1.75668365,2.53273167,3.43615912,-3.43615912,-2.53273167,-1.75668365,-1.03661083,-0.34290133,0.34290133,1.03661083,1.75668365,2.53273167,3.43615912,-3.43615912,-2.53273167,-1.75668365,-1.03661083,-0.34290133,0.34290133,1.03661083,1.75668365,2.53273167,3.43615912,-3.43615912,-2.53273167,-1.75668365,-1.03661083,-0.34290133,0.34290133,1.03661083,1.75668365,2.53273167,3.43615912,-3.43615912,-2.53273167,-1.75668365,-1.03661083,-0.34290133,0.34290133,1.03661083,1.75668365,2.53273167,3.43615912,-3.43615912,-2.53273167,-1.75668365,-1.03661083,-0.34290133,0.34290133,1.03661083,1.75668365,2.53273167,3.43615912};

double vz[100] = {0.00000000,0.00000000,0.00000000,0.00000000,0.00000000,0.00000000,0.00000000,0.00000000,0.00000000,0.00000000,0.00000000,0.00000000,0.00000000,0.00000000,0.00000000,0.00000000,0.00000000,0.00000000,0.00000000,0.00000000,0.00000000,0.00000000,0.00000000,0.00000000,0.00000000,0.00000000,0.00000000,0.00000000,0.00000000,0.00000000,0.00000000,0.00000000,0.00000000,0.00000000,0.00000000,0.00000000,0.00000000,0.00000000,0.00000000,0.00000000,0.00000000,0.00000000,0.00000000,0.00000000,0.00000000,0.00000000,0.00000000,0.00000000,0.00000000,0.00000000,0.00000000,0.00000000,0.00000000,0.00000000,0.00000000,0.00000000,0.00000000,0.00000000,0.00000000,0.00000000,0.00000000,0.00000000,0.00000000,0.00000000,0.00000000,0.00000000,0.00000000,0.00000000,0.00000000,0.00000000,0.00000000,0.00000000,0.00000000,0.00000000,0.00000000,0.00000000,0.00000000,0.00000000,0.00000000,0.00000000,0.00000000,0.00000000,0.00000000,0.00000000,0.00000000,0.00000000,0.00000000,0.00000000,0.00000000,0.00000000,0.00000000,0.00000000,0.00000000,0.00000000,0.00000000,0.00000000,0.00000000,0.00000000,0.00000000,0.00000000};

double k[1] = {1.00000000};

double w[100] = {1.05155117,0.84155347,0.76031288,0.72119640,0.70456925,0.70456925,0.72119640,0.76031288,0.84155347,1.05155117,0.84155347,0.67349289,0.60847628,0.57717147,0.56386480,0.56386480,0.57717147,0.60847628,0.67349289,0.84155347,0.76031288,0.60847628,0.54973614,0.52145338,0.50943130,0.50943130,0.52145338,0.54973614,0.60847628,0.76031288,0.72119640,0.57717147,0.52145338,0.49462572,0.48322214,0.48322214,0.49462572,0.52145338,0.57717147,0.72119640,0.70456925,0.56386480,0.50943130,0.48322214,0.47208147,0.47208147,0.48322214,0.50943130,0.56386480,0.70456925,0.70456925,0.56386480,0.50943130,0.48322214,0.47208147,0.47208147,0.48322214,0.50943130,0.56386480,0.70456925,0.72119640,0.57717147,0.52145338,0.49462572,0.48322214,0.48322214,0.49462572,0.52145338,0.57717147,0.72119640,0.76031288,0.60847628,0.54973614,0.52145338,0.50943130,0.50943130,0.52145338,0.54973614,0.60847628,0.76031288,0.84155347,0.67349289,0.60847628,0.57717147,0.56386480,0.56386480,0.57717147,0.60847628,0.67349289,0.84155347,1.05155117,0.84155347,0.76031288,0.72119640,0.70456925,0.70456925,0.72119640,0.76031288,0.84155347,1.05155117};

int idv[100] = {1,2,3,4,5,6,7,8,9,10,11,12,13,14,15,16,17,18,19,20,21,22,23,24,25,26,27,28,29,30,31,32,33,34,35,36,37,38,39,40,41,42,43,44,45,46,47,48,49,50,51,52,53,54,55,56,57,58,59,60,61,62,63,64,65,66,67,68,69,70,71,72,73,74,75,76,77,78,79,80,81,82,83,84,85,86,87,88,89,90,91,92,93,94,95,96,97,98,99,100};

#endif